{"data": [[1.0, 0.09429590329801417, 0.1894894327818965, 0.173978860453613, 0.13836728837983076, 0.16659940858326544, 0.14233835897388952, 0.12416590465987266, 0.127018361616848, 0.16135208725309746, 0.1690403693284498, 0.06903077125327083, 0.17330181928695357, 0.14652766403005407, 0.13621040432609832, 0.13045115249730688, 0.16461168596137146, 0.14072446823333135, 0.17005982511678575, 0.08435922392809711, 0.12813915497550704, 0.13722624027224947, 0.1517371718145873, 0.16832692284448336, 0.07936398555093002, 0.08308644408979968, 0.01803399516301107, 0.11973408462995198, 0.0825260013914705, 0.15202917468554694, 0.11747679686421221, 0.13706612395615778, 0.09024987191634579, 0.15131862839714863, 0.1422686695863015, 0.1782627947604952, 0.20146645639169217, 0.13832071233488274, 0.15342659070985465, 0.1201680013173399, 0.14408921034449182, 0.16683892405583603, 0.0586217078731616, 0.07314184970559238, 0.13856289456473578, 0.19233731696627446, 0.14349104704439855, 0.09472070615299209, 0.0925617806393964, 0.16473010281718103, 0.14535997874764342, 0.08487396578580642, 0.09529780754416159, 0.14803946287271735, 0.13394988362498716, 0.2087845165217131, 0.14510943963897274, 0.1699763923176529, 0.1368792136896733, 0.18218230347804992, 0.16082166619506347, 0.12323169973033991, 0.12455131243271697, 0.13991907530659323, 0.15705036545078896, 0.1812352536621997, 0.1171318543407434, 0.07977456788132915, 0.09214915830527884, 0.1797026919297286, 0.18758270857426462, 0.17692943502452133, 0.1641140101904063, 0.15598064970257045, 0.10544255470018725, 0.13769715550772393, 0.11914445181637812, 0.07622064528131589, 0.17987077435234755, 0.1255177653668015, 0.07473251665570069, 0.13379036743505046, 0.09257963516321509, 0.19134753843747127, 0.06659431120458854, 0.18265975784656516, 0.13402538556102622, 0.184107716763655, 0.08847248263111564, 0.1508227231658909, 0.1348187727464049, 0.17676514913048158, 0.21529375837744205, 0.13202956610250546, 0.1514497655968796, 0.10425479794260102, 0.10019725121263824, 0.14201880999978755, 0.12953402480158718, 0.15633965653446932, 0.18082102655969662, 0.19555751417496828, -0.0165270909249223, 0.17164173041936967, 0.10570312572051159, 0.12846876156179612, 0.18478549409076983, 0.20786130546231593, 0.16040091710800583, 0.20660021869128858, 0.18447085938639188, 0.12163608092654926, 0.04753961239237253, 0.05766743530651371, 0.13893581911223668, 0.1038568315326819, 0.18624150235851866, 0.13821887799211652, 0.13443045720568253, 0.05101995946319595, 0.1278134532613666, 0.15972787051444173, 0.07771257692126901, 0.10099309313847936, 0.1257934932604988, 0.08019505402851072, 0.10840987884206553, 0.14252595146148714, 0.12281613004444336, 0.08020981336444856, 0.17632886357241184, 0.11203025745946776, 0.11839192121638992, 0.11401717276984043, 0.1313708444037928, 0.03528788872665656, 0.15016347964239385, 0.1686816032700592, 0.10230667004170362, 0.11996618685758008, 0.1509491771671845, 0.10432000128747429, 0.1738115148806822, 0.14948200675022938, 0.11861186264335549, 0.07044532642634212, 0.08085459991514685, 0.15881696079156074, 0.17069958359392998, 0.19491084882177195], [0.09429590329801417, 1.0, 0.1751719741035732, 0.19138899618634733, 0.16166296202271851, 0.14238476799768107, 0.1185322468978933, 0.1380738192748669, 0.19291173534290487, 0.17189787239946916, 0.08813279094313603, 0.1274909852214802, 0.18927552809317366, 0.12906960096565812, 0.1481082157699958, 0.19088695948615755, 0.1942359656028253, 0.16364952597790947, 0.1832105958568335, 0.10139966477974673, 0.18900412686349502, 0.10204245402484592, 0.11739691545782474, 0.18285260266524056, 0.2578575461635572, 0.12161365023805179, 0.1604402055840855, 0.136468455446399, 0.18647753964121788, 0.10170396542592929, 0.18157273379325778, 0.14961783100072876, 0.14701739902450192, 0.17079585138097297, 0.14965076689568352, 0.14759579237283324, 0.12313132322694238, 0.1806725273089854, 0.14977824444235754, 0.10943861111482432, 0.192156869335325, 0.1929410271224623, 0.10625704251185629, 0.07457623192787967, 0.1863327745436407, 0.20291021540894238, 0.1856146134337827, 0.16496316961858562, 0.15547911456559285, 0.16829433714247496, 0.18573558918374058, 0.13723821571366562, 0.16514788922431217, 0.22040684437923452, 0.12315271557200917, 0.17262659740927405, 0.11879179220415398, 0.10265219776920625, 0.15606623258901076, 0.2466158156987383, 0.13802871274318868, 0.14467075250995984, 0.17181241234200567, 0.07919515814083097, 0.25232494948196166, 0.11344847672866697, 0.2082790812425325, 0.20808578841079822, 0.1850879376372366, 0.10546758099185859, 0.18055344231045944, 0.22270476983401308, 0.16819445618251985, 0.15053636481537241, 0.1521636408103414, 0.1345195210711795, 0.15629860072062257, 0.1164900044030432, 0.14949316219581998, 0.15263523628117454, 0.15351150994925647, 0.16156480364923728, 0.16975759716464167, 0.1961691714145732, 0.16882793165139706, 0.13719811682910887, 0.09759011754705839, 0.08876730831634051, 0.19722676063383113, 0.1724245310751517, 0.1608874340283764, 0.1482218362638461, 0.17515990978020696, 0.11125431969868287, 0.14097411753732575, 0.13763103363224455, 0.1850308353774338, 0.14169206332357484, 0.15979310558999743, 0.15042854798552294, 0.13802357679645172, 0.1599944065812416, 0.10096978143646307, 0.13624837157925346, 0.15480810372703135, 0.20005797373412107, 0.1088762258075528, 0.19145000813697297, 0.10766319148136286, 0.14729806439983184, 0.1447547317120097, 0.22052742684214627, 0.18213549479079985, 0.22269698911532596, 0.17505285346449664, 0.17245011665640506, 0.06282036433715513, 0.20854834584858245, 0.16337492975937984, 0.09152186650649471, 0.1969294999891656, 0.18833739258654028, 0.1414497049962663, 0.14028876960705203, 0.175642067135631, 0.14777764564844834, 0.19874283321305994, 0.12815864434806873, 0.18021079625105957, 0.12655053062190133, 0.16156668516049869, 0.08399233739007403, 0.14531268780535297, 0.1773341394651148, 0.13656064456789335, 0.11647779374781979, 0.1923161160735593, 0.08562154777149347, 0.16470457715397224, 0.10278705200014537, 0.16672105493502026, 0.19245204630103366, 0.14150633169469617, 0.20237774492663058, 0.1729021933809364, 0.1274433408042603, 0.13300937873503496, 0.1047888424458422, 0.1806963868411682, 0.2085457051258806], [0.1894894327818965, 0.1751719741035732, 1.0000000000000002, 0.20608127583451824, 0.10788131791212914, 0.1858031758773773, 0.13343766104436613, 0.1427092704435042, 0.15658557169253756, 0.14151693692312522, 0.15549701908505775, 0.18630794967701414, 0.19820522154961737, 0.09268475418773818, 0.15937442152963993, 0.12713353449572426, 0.10711938869149193, 0.2073226221660234, 0.23202468923439282, 0.14607121525809147, 0.1815535554351703, 0.22602371101401447, 0.21044582977169024, 0.20999454232922188, 0.1734081801462652, 0.08598950585892136, 0.13636056596718404, 0.16922148772084658, 0.14437622817480533, 0.17146883701870633, 0.11602735547110561, 0.11965122859169607, 0.13783112749816434, 0.22159930250871046, 0.17281462285975496, 0.22981481681120666, 0.08786051019228128, 0.13918430815589192, 0.17824109614331007, 0.1727256741280853, 0.12856843905517715, 0.13369841410835503, 0.11845544244098667, 0.11465482218988762, 0.12943577200889786, 0.14846869208817803, 0.14880042183012546, 0.16361537577027924, 0.08045281826884543, 0.08886406685631541, 0.14128062899300328, 0.06804873494873248, 0.16815680703926664, 0.16276181690018207, 0.13600968029843033, 0.16642804687643603, 0.14972297186876884, 0.16466333406726297, 0.2094690093493407, 0.17367076910999904, 0.1944020913499227, 0.11681519157426186, 0.20218122036012295, 0.11698044125615463, 0.19149128926499978, 0.1635972670499088, 0.18015894378520525, 0.12202721972565081, 0.15041290640400506, 0.09497215008067326, 0.17041132543768048, 0.19462256963308255, 0.1641170313759682, 0.15454323039424375, 0.14858113116064306, 0.11897042327716845, 0.10630307329161111, 0.10032195735087916, 0.20556588315222044, 0.12192533158502382, 0.15469415217784085, 0.15179865830068318, 0.13203003256496043, 0.235656738971289, 0.12580257646712795, 0.18075749492319731, 0.058235762952848165, 0.11299683563891814, 0.10880520559319017, 0.13548215864968124, 0.1680889649638569, 0.08380602765614033, 0.13357622057394106, 0.13864450686314714, 0.1711446633763304, 0.19017048807636272, 0.184678040135497, 0.2072727359785681, 0.08670040370043726, 0.18364710094084172, 0.10388873159755298, 0.09955325125073862, 0.15515121700614232, 0.09697998742150231, 0.16229480780639546, 0.2010273025909356, 0.17843957250682757, 0.1696370251251658, 0.11566496197487325, 0.22975531562542664, 0.11791402140049917, 0.07222174233861836, 0.10266873212561045, 0.21100779387732238, 0.19137660109274146, 0.16385359762431115, 0.11634924315901059, 0.19598368305136976, 0.12934973139564146, 0.14828539075469713, 0.15686844747618364, 0.15405975647243206, 0.1328062153396537, 0.1574143303402323, 0.12555116081359355, 0.17763251360846943, 0.1946405668086036, 0.1376757326282121, 0.17365279013222704, 0.19967454381090086, 0.12947817512577334, 0.17738718098568176, 0.17204484245611645, 0.13147817320336905, 0.08519704036011252, 0.2016977714738236, 0.1402911605164549, 0.13426827789788243, 0.1379278997669916, 0.10338774923871376, 0.1334870265349266, 0.156437337685167, 0.1561158605001996, 0.10328307010591108, 0.1368486704251447, 0.09691811429376207, 0.17466807726689398, 0.20599753135035442, 0.1711617404428241, 0.15363680207970076], [0.173978860453613, 0.19138899618634733, 0.20608127583451824, 0.9999999999999999, 0.14635261412668227, 0.14329424056770926, 0.13110393085787167, 0.1243311927097142, 0.20382283787276892, 0.18987650121660185, 0.07322576822102687, 0.1654577753650344, 0.211477527297681, 0.13605858252167863, 0.15262977765725827, 0.21044631190982685, 0.14752959564267037, 0.14188477029277521, 0.17127869321883596, 0.11723041783683733, 0.1651883214027068, 0.1748897555742906, 0.14280559459984754, 0.20864992130309837, 0.14180050947112238, 0.08689980740705538, 0.09382852428509017, 0.15538874258647425, 0.1690620677592022, 0.11241697611552808, 0.17223058146417122, 0.18331423824037577, 0.11527885384132422, 0.21491485968285848, 0.1618001120718664, 0.19430563554097557, 0.11479757647271896, 0.16050201828184973, 0.196416613894557, 0.1393207803059292, 0.15756079187252978, 0.2149568256353565, 0.16448861878539484, 0.11355083582498046, 0.10999688389056196, 0.22712694628068417, 0.11567747579653956, 0.0849431674849737, 0.09530277707832388, 0.09210090011309922, 0.10580892086687826, 0.07837837579569147, 0.1695255290821941, 0.1996965452818703, 0.19857521172577208, 0.1753000703127956, 0.1169303403018745, 0.20789559948100275, 0.15282988553878366, 0.16402719330938215, 0.16038108718823438, 0.18090227208778695, 0.11875683506064987, 0.19512977266732695, 0.2128004595778755, 0.1419531717010433, 0.12076272129113784, 0.13547973275879557, 0.16338083974896664, 0.14244499501644362, 0.14074407549281331, 0.13878798167373224, 0.18487110765558754, 0.1808383503656756, 0.16774034257165998, 0.1446254678028158, 0.10396183672669958, 0.13566104472412444, 0.12010049091037878, 0.19237590162058357, 0.16089655603398617, 0.1329493003741277, 0.13232977813231891, 0.1721909949300236, 0.1459164449013958, 0.11535621764241685, 0.13687760622857184, 0.14930599555915255, 0.22826722381401435, 0.23138440794080406, 0.15393013835287728, 0.11182353060667426, 0.14464158461872156, 0.14263130379945882, 0.1761744494076135, 0.06677507100349866, 0.1291089036040962, 0.17143986151160032, 0.19128954886495714, 0.13306090399537082, 0.16939601970285348, 0.22756121229359022, 0.07075308829604708, 0.11311291457360993, 0.13672520549377226, 0.12720848196103343, 0.14069376205421957, 0.15431016876368867, 0.1327990207962427, 0.20515642614375473, 0.16369734431856567, 0.13178211548234225, 0.1184352477195136, 0.1901433353681418, 0.20770752970023437, 0.16522257116537947, 0.14670638939961442, 0.17790841054899648, 0.1488798131245474, 0.08273311437605639, 0.12505889952128024, 0.1905912843697374, 0.1301807832219598, 0.18445794051762515, 0.17203610120019805, 0.20352515246299582, 0.14606230346105098, 0.14566615600754562, 0.18775430781084027, 0.18366960788483808, 0.15470851151453793, 0.18590658643489802, 0.14803278605813405, 0.13155787018581183, 0.08762279177921634, 0.14050017972431553, 0.11114609186385668, 0.17260636129246504, 0.1321752090783303, 0.13215305578663034, 0.11453290628982202, 0.15154742553029232, 0.1658444086136939, 0.17121235847967142, 0.20714835100036832, 0.0753984150435935, 0.07224062752754827, 0.18041635053417984, 0.18986976574434708, 0.1599089029533234], [0.13836728837983076, 0.16166296202271851, 0.10788131791212914, 0.14635261412668227, 1.0, 0.0892478637471666, 0.19116342350308888, 0.14852949816146346, 0.1614577104134631, 0.1917222377375207, 0.10178927691515095, 0.15834131520732828, 0.09045089187514199, 0.09303943389901143, 0.08311033793155408, 0.08426076090978257, 0.13455295752285976, 0.105586254394396, 0.14578587701463672, 0.12641144362181458, 0.12666876386279466, 0.15278497974577204, 0.09284667822164765, 0.16010358269922698, 0.14695621095839104, 0.20117397783987132, 0.14621395137918314, 0.12243210685745101, 0.12595845126879007, 0.14114604674861927, 0.16598693168324838, 0.1275293432000004, 0.13696841354402337, 0.097562086314927, 0.07348862320061156, 0.17013190514642412, 0.1688443042037762, 0.057098535405509875, 0.0977433816645258, 0.15108648030528288, 0.06657941048473807, 0.20213695608757898, 0.12228365423418341, 0.10415906268413308, 0.1530771465514088, 0.15899883391106887, 0.13594629844654832, 0.1474523559160266, 0.06981728404260144, 0.1508588200260657, 0.11164241535696974, 0.11167654099073557, 0.12764765882094928, 0.10808161813801354, 0.13471843030971048, 0.2151402751202772, 0.1181832959008916, 0.11220872966171724, 0.056631573562966775, 0.1282437527799579, 0.18639673093257597, 0.14024477954189327, 0.11641427340106869, 0.14909572710393793, 0.1446400847671757, 0.07428114007732424, 0.1723983372788715, 0.10338667493526332, 0.13979964046713142, 0.17686667295077876, 0.17037262006921963, 0.17441583878848602, 0.13348524980496476, 0.15884494580638106, 0.12527732704737565, 0.13650312997458852, 0.14434068591829644, 0.03384695045622662, 0.14980947997508745, 0.16452820590669534, 0.07648223849828384, 0.12429425741960083, 0.12420637273397275, 0.12875779776922247, 0.08467038362207768, 0.14140532252905985, 0.05235596971310852, 0.20735186021952692, 0.07938483432827209, 0.15970538494013511, 0.12694547428652372, 0.07849972905463337, 0.1789075352661197, 0.04804385587313054, 0.12606143641173817, 0.14725165574769944, 0.10630329148252357, 0.11727788913991027, 0.11455163431238266, 0.0983282434329569, 0.06743984481454654, 0.16320756051873123, 0.021469875524579986, 0.07762645607584971, 0.11460961712885631, 0.14379976464152472, 0.095792312748205, 0.16878179867254733, 0.07401633958546157, 0.09580196771581775, 0.14815364347750837, 0.1140505358608928, 0.13950808310294313, 0.1001475800478094, 0.14047927894984244, 0.1273497670524665, 0.10920979899805398, 0.1502458318817392, 0.1744081074447573, 0.12266346133579437, 0.07962354844884932, 0.13945050579276533, 0.1330128653145579, 0.11792660746514542, 0.1557712219994412, 0.057205144522916425, 0.09683012201154398, 0.1285163800346657, 0.08621097880176815, 0.09751870247854338, 0.11250061571999691, 0.12999014607213735, 0.12767079459271843, 0.11455657410076309, 0.15777226932699076, 0.07170332055757915, 0.13447244561544794, 0.1317229509121677, 0.21169737100232888, 0.1279357944065075, 0.14374806310512925, 0.1169961645529476, 0.1739578117317383, 0.16879419062483134, 0.1865150400869999, 0.20935376054414678, 0.16952175513950266, 0.13490372599143127, 0.13160015960597615, 0.132841072898298], [0.16659940858326544, 0.14238476799768107, 0.1858031758773773, 0.14329424056770926, 0.0892478637471666, 0.9999999999999999, 0.14383332135399332, 0.21370512682333148, 0.09621594655034976, 0.15205900425613317, 0.13270576071825457, 0.14760383138373323, 0.2003042907099547, 0.0560141352494505, 0.14840962998236226, 0.09954197258920697, 0.12528210321446315, 0.16525727306430785, 0.22152709654002106, 0.10004032350577938, 0.19945032985116357, 0.20021892060267119, 0.17074847045036665, 0.13594787103506864, 0.1901916482387381, 0.1028102023590179, 0.15803044947107162, 0.07482098503648534, 0.12561007532461477, 0.15657512493383902, 0.19938363333705578, 0.23129013579045393, 0.06585233965408134, 0.22426422190869683, 0.08280800693028706, 0.1232471908209089, 0.1529003845882026, 0.18293251810287076, 0.132137371960178, 0.18443540218507612, 0.15212305331958076, 0.15255572143944188, 0.09223966559535006, 0.14415538241736342, 0.1699400106994791, 0.1770077666769344, 0.08220568354423205, 0.1951139506983418, 0.1389230369353862, 0.17652369098380835, 0.15977902240282518, 0.15906612293033967, 0.1839637980876266, 0.21770125049728783, 0.08780875319662314, 0.13934870010247533, 0.1429589145173366, 0.1332696238982505, 0.21308856345691043, 0.18102847762230204, 0.16876798328681694, 0.14277203901559218, 0.10691901845043013, 0.16437018976931228, 0.15268487924144175, 0.12611104991160688, 0.06673495805515577, 0.10629100863958034, 0.10506735061030054, 0.13419775432893513, 0.13436344421815902, 0.17244705368072286, 0.13907142972054587, 0.19977164153697913, 0.15654246130643384, 0.10857080388341989, 0.10151200085401482, 0.11677643891603827, 0.15813720286366553, 0.18070689757648747, 0.10482025013402285, 0.14043826725835337, 0.11081704078484686, 0.217104305458352, 0.056426803093110635, 0.1947256293127984, 0.17887821755485322, 0.07144850451948481, 0.10493314034169506, 0.131943569180008, 0.17065371594938242, 0.16038362041035506, 0.14963429635249237, 0.14772035873899783, 0.130104411517896, 0.15125816644746146, 0.09976186074409583, 0.1492925660646972, 0.12751347411102754, 0.19704605620733057, 0.20998968778417879, 0.16670577489037053, 0.12658176072163746, 0.15607031256697668, 0.13028525514236988, 0.17686158401000054, 0.10078052982606019, 0.1193820737816493, 0.16492303829378638, 0.17458335275657194, 0.17827010059288664, 0.1835765321276836, 0.12051582408426165, 0.11107999613517429, 0.19201349995036826, 0.11535525209841675, 0.10921768792558349, 0.11069590714449187, 0.1110586652771352, 0.06952963847784198, 0.1300644706283215, 0.1780451687800047, 0.15584920775688085, 0.20758972859370722, 0.1464629002692297, 0.06868541283097741, 0.13444224990372322, 0.16788448440646778, 0.18070567033377624, 0.17690394315721727, 0.15617552002591908, 0.09145717639611342, 0.17082368747230856, 0.13420941233062034, 0.18949019892579955, 0.08340057599572726, 0.18834930036222533, 0.13905744825629263, 0.14171374502784118, 0.13744516216096428, 0.1443261151112327, 0.17700044023809683, 0.1447569071380563, 0.17366888515795775, 0.18581728619928628, 0.08303971805735563, 0.1598956899688105, 0.17321477396087917, 0.16720724549578284, 0.13358156507829663], [0.14233835897388952, 0.1185322468978933, 0.13343766104436613, 0.13110393085787167, 0.19116342350308888, 0.14383332135399332, 1.0000000000000002, 0.13757953694616046, 0.18324048082745614, 0.18937454125630596, 0.18606898287602752, 0.14060248234140774, 0.12918748767875485, 0.15240764725495448, 0.1678220851462698, 0.142041988536551, 0.14980030237865113, 0.18335590488046363, 0.1754136755131364, 0.10676605460283801, 0.14133730707164607, 0.13763961706481223, 0.08320227471629697, 0.14487419065953136, 0.12786289190559189, 0.08432225071175631, 0.10941747546843249, 0.1646641916519443, 0.1005713941112383, 0.18485425737966485, 0.1862412188740456, 0.20286374729142334, 0.19001216390400827, 0.19260153851488995, 0.16153103772268187, 0.1861898829566185, 0.22102191734123838, 0.22869026854629163, 0.17074866722552196, 0.14977421326201015, 0.1226175584633052, 0.09453766185628652, 0.10867839061360542, 0.17591522980895033, 0.11621457455481948, 0.13691838143726012, 0.0830383384560349, 0.0993633833611918, 0.08813512311205969, 0.1306209312890009, 0.13312019865799884, 0.05572186425070417, 0.14973561815977374, 0.16302572387812606, 0.1140823971032615, 0.15492198380823846, 0.15188549314990685, 0.17964964869130265, 0.11490458213145238, 0.2303334181035071, 0.17421210532958198, 0.09862963310882776, 0.17008177823728862, 0.1469773938552083, 0.14087457059843234, 0.1135369313242169, 0.15857036607411737, 0.12003470534047359, 0.14146240304183816, 0.0983630464237488, 0.17604765334936132, 0.2009476724017995, 0.16300472517660414, 0.12753603787541204, 0.12172933361453428, 0.1535180023448321, 0.13396305726634508, 0.1557176179671638, 0.15308571693223633, 0.12936619991920772, 0.14251233508966765, 0.11889358588292283, 0.15321433704494722, 0.19553076009757972, 0.12536798335261676, 0.18886137828561683, 0.08794739343664795, 0.06995690994595594, 0.07856480092071633, 0.20423534266250612, 0.13356546991268897, 0.1326917718484884, 0.21290723424752278, 0.14076995986659416, 0.14915239482928216, 0.0882139883658285, 0.09108530547692743, 0.1667036286459721, 0.13803012369141143, 0.13759174605178054, 0.09508242113207291, 0.12268594747091496, 0.1609774355149615, 0.1351302490240122, 0.09710544574008433, 0.06188310387542974, 0.13936659475208574, 0.13785069380242096, 0.14170932461773528, 0.15691651676150742, 0.11362555883467035, 0.10871149892695176, 0.08594586112741634, 0.15511104426846653, 0.1031020547136593, 0.13034254814295815, 0.16945524898875722, 0.1293004621284609, 0.1585646052441783, 0.16593552938575995, 0.17254266629077566, 0.12044299569299897, 0.13239791399805717, 0.10854906268803786, 0.09228878854449135, 0.08720419035955078, 0.14611937389801638, 0.18240693930964486, 0.12291509123130256, 0.13617009776795427, 0.17584614746880456, 0.13514595605942523, 0.1968233588808475, 0.10584157821981861, 0.08647989858081705, 0.05710033759124955, 0.11599798648742052, 0.12397021024118393, 0.223036701577147, 0.18384712359764904, 0.16282440871050327, 0.16017231804518903, 0.1611678302273208, 0.08599884628359294, 0.1588637479998011, 0.07177935529927769, 0.14359751979915006, 0.15433355545003863, 0.055802891799615596, 0.15490261473464237], [0.12416590465987266, 0.1380738192748669, 0.1427092704435042, 0.1243311927097142, 0.14852949816146346, 0.21370512682333148, 0.13757953694616046, 1.0, 0.17896331294681442, 0.1536630813625887, 0.1390346625412573, 0.1438924205593082, 0.10571769515379181, 0.11892231356912274, 0.20601577094238477, 0.14552177847879327, 0.14048286066617424, 0.1589748718444923, 0.14931237540296668, 0.07372933442662792, 0.1736572986776719, 0.16964693116543714, 0.12456153033688282, 0.18858724481191155, 0.11898331417292173, 0.0921274214855579, 0.16147410799935305, 0.17181056150617113, 0.12037287331102217, 0.07225434167642676, 0.15652223249420605, 0.10789729939960431, 0.18738139492982744, 0.1412505695153453, 0.07453941967455074, 0.15188802413675412, 0.20019621468167853, 0.18923024016536505, 0.10380984881355351, 0.11606250902796113, 0.15920047901780696, 0.15036716020940155, 0.12290189253150537, 0.175168465559982, 0.05616564684927379, 0.2161295341514516, 0.15386069304171865, 0.14871441283571227, 0.13173889450748089, 0.1158222500359486, 0.1679666811537342, 0.10827737433886653, 0.11228367359251645, 0.179265422239755, 0.14069944009951346, 0.20585837914155444, 0.11925188324663463, 0.1402425155760951, 0.11492101916666964, 0.12302772043909128, 0.14437149413659298, 0.1296317022041599, 0.12930735586531739, 0.11817352473020623, 0.16127813953484504, 0.11277993248092429, 0.06754230162259472, 0.15873440518542511, 0.10255896818112972, 0.1456009697276524, 0.16313532386461796, 0.18148056594798437, 0.1818504266566812, 0.1380675273256671, 0.12352643915680868, 0.10410465387658976, 0.12134367260343146, 0.08666074818685494, 0.16577057093412773, 0.17609427848433257, 0.13943428950476394, 0.1541326796470613, 0.1044065374153486, 0.18315086019663993, 0.07621529069728865, 0.17524844622585653, 0.11599022078204575, 0.08456013514955811, 0.0319140034073205, 0.1394881652470059, 0.21045104122134087, 0.15109560769858332, 0.09986750824922015, 0.10092559474274479, 0.1329832228377755, 0.0829619559435608, 0.12273236252512776, 0.14367554458168838, 0.1144966153352502, 0.12402055150239158, 0.08502761723309141, 0.12001387904248045, 0.14897934948463773, 0.05824256341778028, 0.17958311803696958, 0.12704913512766158, 0.17986705716241294, 0.18648390863817513, 0.09028169691908723, 0.14619541053244825, 0.08634762885017547, 0.10239778281990435, 0.144842320612036, 0.21055379060011076, 0.15420564096344003, 0.18505148809474656, 0.14723836762492543, 0.1318520556393012, 0.15411806606650327, 0.10441935311993586, 0.17434260084227798, 0.13752367716821975, 0.11185265177402386, 0.13672303395599328, 0.14106380589529607, 0.09905489727494773, 0.11394380825864905, 0.08670964303580274, 0.13974974204993984, 0.17537898966157636, 0.09102778483582658, 0.09291703437153774, 0.1796578103490265, 0.09772392966504201, 0.11653558555502239, 0.1176636859932149, 0.12372104486282808, 0.11990715352381578, 0.1871348244751614, 0.1954880057974927, 0.08940234377000485, 0.20713592024851957, 0.1382821849703002, 0.11630641676633852, 0.17479431153493286, 0.12075713353835017, 0.15029318742111888, 0.12695642842983798, 0.1743599618093477, 0.11155312385988245], [0.127018361616848, 0.19291173534290487, 0.15658557169253756, 0.20382283787276892, 0.1614577104134631, 0.09621594655034976, 0.18324048082745614, 0.17896331294681442, 0.9999999999999999, 0.1507751982478649, 0.14451849417478574, 0.11152236063073057, 0.16342345236332373, 0.2020432369758136, 0.2016140250703751, 0.22783415233906698, 0.2223061442137888, 0.16531648605636787, 0.21218376521533405, 0.15382780280636071, 0.2246326903099996, 0.1750060528288124, 0.23535655424379037, 0.13443325467516448, 0.20667219477389814, 0.14725479276382075, 0.1734603673300781, 0.16182158572825248, 0.11807576628459496, 0.22168082507889147, 0.20391585079061617, 0.16478756098710387, 0.15082071950676834, 0.19246400010487755, 0.18915889693678262, 0.17961054585029773, 0.16592650713219453, 0.15140171336732397, 0.243283894846747, 0.19771841102973847, 0.11067406659154144, 0.12492639739527953, 0.15932862411456186, 0.1639874519257116, 0.1877606742629263, 0.16790174554445272, 0.12161976391089684, 0.20747815301550057, 0.1329932835112325, 0.18766791252531342, 0.19185133745146676, 0.12021495785813692, 0.16495874141800695, 0.1780905551740262, 0.1702575450764746, 0.18615882338052758, 0.17815996006841797, 0.17950629418392275, 0.10750065710324185, 0.14838802631114711, 0.15568622529831333, 0.11728342928161664, 0.13063951530663467, 0.13150253015050353, 0.15198406983678547, 0.174216677125596, 0.23094253510342022, 0.21413188315935572, 0.16611126020878228, 0.14363923865097744, 0.24072638709924005, 0.21875206350826606, 0.17556997650208453, 0.1978093756555169, 0.15448877689800983, 0.07972682255483574, 0.17426443935360342, 0.1700385291907628, 0.18435927145088432, 0.1611623662174279, 0.21339707023486504, 0.16096445341566434, 0.11136249729844652, 0.1334302151205113, 0.09847232781864927, 0.2038587756857325, 0.13094214494511136, 0.09068577059546454, 0.13431161038411904, 0.1723827378136574, 0.17269108078588633, 0.137982867686908, 0.15777396444477013, 0.21248593744442507, 0.16233919192143267, 0.13600473857804524, 0.13170106962510875, 0.1292779567897949, 0.135869019476387, 0.1565028979300201, 0.10684926696179892, 0.1975740334357053, 0.15740571904215037, 0.16995439586436972, 0.1296965756933521, 0.19988462892072661, 0.147490620423881, 0.17118146204473622, 0.08711068613755917, 0.17938504982079798, 0.15727092926939076, 0.14326486795028157, 0.16200661017791185, 0.19938379280933094, 0.23924917074617977, 0.1304269012068813, 0.16347770671470746, 0.20806487737949636, 0.20204298251908193, 0.16234128744943702, 0.12988631402873274, 0.13693453083234286, 0.07671007999199117, 0.13799780175538948, 0.09711877819213555, 0.17111392629940775, 0.12536021266207414, 0.1665198155041752, 0.2118669997492908, 0.22353465226144523, 0.1961510121825896, 0.14516898042228985, 0.15619611252085638, 0.13505475860952185, 0.10185406042148545, 0.172894771765328, 0.11585931430381763, 0.1851060934966009, 0.1360465782731431, 0.12129813355801447, 0.13907305988329707, 0.18638781168261354, 0.1726130931089188, 0.14264100496198567, 0.18188579257500448, 0.1470284224861191, 0.11816855540919972, 0.11722730165255811, 0.1403475274317944, 0.13182947172625759], [0.16135208725309746, 0.17189787239946916, 0.14151693692312522, 0.18987650121660185, 0.1917222377375207, 0.15205900425613317, 0.18937454125630596, 0.1536630813625887, 0.1507751982478649, 1.0, 0.16779168512950668, 0.1405217068813369, 0.1868385260343772, 0.10445810047610074, 0.22257175843422153, 0.1972277211790166, 0.17547781691570521, 0.17232861702328836, 0.20798795631916206, 0.11571497158906555, 0.20619069433262424, 0.12366188365636008, 0.11479019015684777, 0.1994130776465988, 0.20437620530816725, 0.1470777464183967, 0.11886355809360984, 0.1351761081671587, 0.1600831522810532, 0.18321963028091848, 0.21405425391350874, 0.07983604031788585, 0.14892341605751042, 0.19812401063240756, 0.12739301445437576, 0.20612229153005307, 0.18699316776556418, 0.18439969855508356, 0.23443202243610187, 0.2273441336460319, 0.12155633638673888, 0.13885661340452532, 0.16653639189227054, 0.17543502616936665, 0.22596274321038917, 0.11993874454730628, 0.17480586345110216, 0.18861348845183862, 0.1424213464351564, 0.19691319750570327, 0.17577031321979678, 0.17649096926801128, 0.17816397039766593, 0.15673933860299746, 0.09418835930370548, 0.1460114124308573, 0.11346378042148957, 0.2019139158743788, 0.16855413388741153, 0.23886045620334076, 0.13932607247100132, 0.17049710721337547, 0.2004933475517934, 0.14224276241291267, 0.16797245024791937, 0.19902335796263357, 0.17787629216259032, 0.11665912877598324, 0.11425665078216232, 0.1255865317194923, 0.17409824948283986, 0.23626164747056091, 0.11007052045684138, 0.21279476784671178, 0.18591590761734816, 0.08732335436889033, 0.15271353971520518, 0.17715407314026607, 0.11925981257472773, 0.22532556684758717, 0.12625505274779192, 0.19525045809431324, 0.15508299557199884, 0.18722711469729633, 0.19466907513275944, 0.14234161321479064, 0.1656069284735818, 0.13963335605609634, 0.172099557096808, 0.1862979575305019, 0.167675944877613, 0.13195754452840372, 0.20606231114157897, 0.12802685945631587, 0.19001242806085716, 0.16512148056115664, 0.09824294181275793, 0.2249282318964761, 0.17755763395445154, 0.1581831726733103, 0.13938365578635115, 0.14690739636204955, 0.22543783552451316, 0.15563723303321553, 0.14964497012689518, 0.09669868522853961, 0.10252081743904033, 0.17574610090054052, 0.17357329283344308, 0.16799478556615677, 0.1051250902039709, 0.1367156984168183, 0.10991664898098653, 0.11426699951451312, 0.10397942472139014, 0.17048035745411494, 0.17742889136300252, 0.24214676516929945, 0.17497276788909605, 0.1650279912506357, 0.21586787463572946, 0.15979325424316915, 0.18036218653528974, 0.15896934095656087, 0.11227034684658348, 0.19349934487758816, 0.1264752295051451, 0.148116772932185, 0.15292698146907613, 0.20490273404282922, 0.2008159585425472, 0.1519997396669367, 0.12061491790457983, 0.21403667113149824, 0.12470567123216766, 0.06574530926589794, 0.18523243623939908, 0.10116857539020832, 0.1490690636711687, 0.10575668709468797, 0.17750782391558914, 0.1595082650584191, 0.14818727403315174, 0.22487687763618094, 0.1402726922480137, 0.09648263974956355, 0.14595466943590402, 0.17371975216320915, 0.16601538246768477, 0.1473148888807957], [0.1690403693284498, 0.08813279094313603, 0.15549701908505775, 0.07322576822102687, 0.10178927691515095, 0.13270576071825457, 0.18606898287602752, 0.1390346625412573, 0.14451849417478574, 0.16779168512950668, 1.0, 0.18506026417722138, 0.13453741857821733, 0.07679257467753581, 0.1660978686129201, 0.12983057101820514, 0.06483409854141349, 0.11353307009457293, 0.21412719892481535, 0.1346324540632889, 0.14948732793872432, 0.22998512351534225, 0.1769864335492994, 0.19635121636254077, 0.17209892610225203, 0.15934203621145973, 0.11381773183762392, 0.04912336632523725, 0.15150187150205247, 0.21604375896805517, 0.11625379897981186, 0.18745817525642255, 0.1930957476988961, 0.16277757579717353, 0.14521939538547526, 0.11576664217403769, 0.1457862939543356, 0.16996196820889747, 0.09413049175591436, 0.11240929955163718, 0.07037620874002146, 0.07594977608654668, 0.14476117821696421, 0.11302100590407127, 0.07314533562209984, 0.14539369517023534, 0.12204803932151014, 0.14307710449663036, 0.14370217784930603, 0.1821207916902503, 0.16110410987613236, 0.15077536419492885, 0.1482639630581818, 0.1961234586081427, 0.17935598404305264, 0.18112710428939108, 0.10343841418723042, 0.1966258053302015, 0.13357456847652394, 0.13449817021213695, 0.12115501178257053, 0.0842538974168639, 0.14144438503369766, 0.16036685926139546, 0.1452329391477148, 0.1237783621604353, 0.10611519602566956, 0.17064615448498902, 0.19200901927070446, 0.07885765525195568, 0.18796691093798037, 0.15160328030802223, 0.1724228452223491, 0.10668060895185288, 0.12601411668427878, 0.16495441709612332, 0.14651008559905282, 0.12952364012416698, 0.18341356777897153, 0.18947214506698962, 0.06352113955858968, 0.10899656738404362, 0.1691555020620159, 0.17780446617701823, 0.07900135568761711, 0.16714289742162247, 0.18306042160210081, 0.07652148080359472, 0.13324925961411072, 0.16632610855391472, 0.12521295049969847, 0.11725119750026833, 0.19354374458132678, 0.12605227287354895, 0.09994896217374037, 0.1984699292940786, 0.15290088899696894, 0.12798574459359563, 0.13421096843746244, 0.15939270456055188, 0.11832744628666496, 0.11489492765278574, 0.13209639974859325, 0.08541685911968747, 0.14596606528788514, 0.1406834731865352, 0.13755235867084606, 0.16762298626985886, 0.12441096525598817, 0.1965416399924981, 0.17956828153811147, 0.1729983540810216, 0.11828830232373716, 0.1294236502646059, 0.11218958568006168, 0.1560597163123949, 0.19770609564958183, 0.18667720941839228, 0.09442261117205769, 0.08395415236778705, 0.15146342953499503, 0.13706519309575782, 0.064730470788238, 0.18790407419075242, 0.14603855695596132, 0.17724771564782982, 0.06770169066744701, 0.09882924832626284, 0.16497728735678602, 0.18629414957143656, 0.16250977156631538, 0.171674330990079, 0.19117754414199825, 0.049095783584385336, 0.1457163099580644, 0.08337115581942425, 0.136144810618498, 0.15087512644196366, 0.13112950876232207, 0.10485791746047783, 0.18602568837296757, 0.16457376086452438, 0.18005117834195958, 0.1401093580578368, 0.09524503769327959, 0.07987183391470795, 0.12428916332454239, 0.09686459866012363, 0.17879945534508648, 0.22645453716709132], [0.06903077125327083, 0.1274909852214802, 0.18630794967701414, 0.1654577753650344, 0.15834131520732828, 0.14760383138373323, 0.14060248234140774, 0.1438924205593082, 0.11152236063073057, 0.1405217068813369, 0.18506026417722138, 1.0, 0.15265179039009433, 0.017150933631266116, 0.06494493635872695, 0.04479927018568799, 0.13295901187008255, 0.09280735288156967, 0.16217713623735117, 0.08056707595994969, 0.0772059148708708, 0.16359552268872293, 0.17581477852442826, 0.10621891088987603, 0.09811376714475721, 0.07081639261790208, 0.20181599059731606, 0.18022466112941124, 0.14548748864493555, 0.16359270837413292, 0.19149768347852605, 0.15451359994718228, 0.036116732186933016, 0.16847600480644676, 0.14352005583911606, 0.09170272051213207, 0.09848850335467944, 0.06572254201159877, 0.11703754614388713, 0.1742776090114232, 0.08478044919356592, 0.08188188570189152, 0.05720407831698132, 0.08725772263480282, 0.11211259025237462, 0.1474908058652888, 0.10141054050423587, 0.13079796724465093, 0.08081287758932297, 0.08935200348165648, 0.08109743917442415, 0.08919821390670482, 0.162729617732613, 0.1887284864837743, 0.07480855693643043, 0.12089950156033707, 0.11324764132424393, 0.15383298193436074, 0.07019965669420979, 0.07199396810015544, 0.17322060762726138, 0.16376597281427088, 0.16180626064809733, 0.13037479106154579, 0.10556107547406077, 0.07195503640459011, 0.09921616134900794, 0.035641020614974345, 0.10451259542783946, 0.0854890916427854, 0.08296306564785234, 0.17280116752603789, 0.07691202546596079, 0.14949235548079443, 0.10242786952165715, 0.10560928270667229, 0.07243389782529942, 0.07182245847784528, 0.09777600337603633, 0.11868607042313215, 0.1249911489304783, 0.14983591305676638, 0.06026004251268652, 0.09921684676179725, 0.08041339218410977, 0.13212801571057864, 0.11256203737530548, 0.14929654138567564, 0.15223884662210457, 0.18974257047081394, 0.13660465226908272, 0.13346343795959378, 0.14788861416607663, 0.1129442377879873, 0.1342074190868318, 0.11440136002501722, 0.13895768412641535, 0.08634327559263676, 0.11135835187151494, 0.13482977821823447, 0.04069393430292143, 0.07911375955062819, 0.13792179854806988, 0.0804176723027864, 0.12506802801824188, 0.13334939750539043, 0.03355832453529588, 0.108143663394212, 0.12692455588229243, 0.1176583034259548, 0.11371798979489994, 0.14334257573751688, 0.10453165988471073, 0.13015302631626066, 0.10152549798928809, 0.1251926286754827, 0.11370386583693193, 0.18757918822364414, 0.0836459990382488, 0.08111109264383565, 0.16363089110212128, 0.18194764906017435, 0.0784596197080196, 0.1006633071503931, 0.13598289899674001, 0.13939270777712798, 0.09821482922218827, 0.08992845536357315, 0.15055355845086202, 0.09561425531340512, 0.10046981943642681, 0.12684520573748806, 0.15205370954779746, 0.06266949695469727, 0.1331205629336179, 0.09396806963963784, 0.14733086939069387, 0.1080089915575148, 0.13025153101702439, 0.09904728258647308, 0.04031849107498923, 0.1781471973135321, 0.1326184280996188, 0.136834318189775, 0.09380922924451421, 0.1138376855358865, 0.13617209550022333, 0.14960144889665591, 0.12337120314126723, 0.11335684591469992], [0.17330181928695357, 0.18927552809317366, 0.19820522154961737, 0.211477527297681, 0.09045089187514199, 0.2003042907099547, 0.12918748767875485, 0.10571769515379181, 0.16342345236332373, 0.1868385260343772, 0.13453741857821733, 0.15265179039009433, 0.9999999999999999, 0.14937322598262182, 0.17655180102775958, 0.2174742492528298, 0.19475293618242331, 0.186988951368888, 0.15414349822786452, 0.1530579703308439, 0.0926216617803346, 0.13826441201362125, 0.1475116110835752, 0.19809835435049988, 0.13709311265135657, 0.05682528122085339, 0.09602112328630831, 0.15181104260067252, 0.1756583003789016, 0.1709679395639506, 0.16645411450806194, 0.20775119447439236, 0.14867792819443845, 0.2475929479631895, 0.1367711906360519, 0.16545464487258454, 0.11029388867306926, 0.14299178043800118, 0.16961013868390604, 0.17584476178516872, 0.16548637247961168, 0.163282812999087, 0.11478073113502858, 0.11825774509651929, 0.11799735047857567, 0.20888527394725337, 0.05954753630486696, 0.18604482931502542, 0.1267597498207665, 0.16168492025596204, 0.17497034901835526, 0.10583114206603098, 0.22944394719530117, 0.19844495765643444, 0.11260643261939343, 0.13069835990017434, 0.12501904423292895, 0.17505023449877283, 0.11015660636389296, 0.16001041621355663, 0.11365564439838645, 0.20581693462834585, 0.0953893252094587, 0.15733821573121107, 0.2061895721561689, 0.1863359411087487, 0.2032366892341462, 0.10839651617762538, 0.18863763250619198, 0.15084599554458342, 0.18039941516186678, 0.17919019269389946, 0.16390359279854252, 0.18375333223044893, 0.20416234268474553, 0.11672870210498534, 0.1114771713577031, 0.1504477523935149, 0.14710636656722037, 0.1783330145891622, 0.10272223817369933, 0.14063450314917111, 0.18315989024301238, 0.22424737224710553, 0.1906183419692296, 0.08404402719711317, 0.1530343736948544, 0.1418449874791004, 0.14329814714760739, 0.18938927380996037, 0.06713840238654396, 0.16280722309407353, 0.19848135311429388, 0.1781997431334204, 0.19598263206787525, 0.18238792122933706, 0.0824018078715171, 0.19900111502704523, 0.16117210792567618, 0.1672056124224808, 0.1547854437745725, 0.12095581428721099, 0.0851829145571118, 0.21146869259501838, 0.13880385986400373, 0.1250600239452137, 0.11146009385356873, 0.14063224084835027, 0.12757629375009294, 0.15025289371117934, 0.12675265638572575, 0.16801624928299108, 0.09515342308243065, 0.1383161497142365, 0.20478645301272946, 0.2044552206515344, 0.17132466610958427, 0.19191771559071558, 0.10354813097191302, 0.11862918501624584, 0.20325203929698935, 0.17348797820578787, 0.1356026333828243, 0.18166235877032297, 0.17121600156996927, 0.14634392766513274, 0.09520799462848063, 0.18466540576621157, 0.19510545541758695, 0.20509607122401632, 0.1443630