{"data": [[0.00087547184995545, 8.165161906263315e-05, 0.0001636444338629545, 0.00015018895096329232, 0.0001191204364332493, 0.00014234641635610558, 0.00012430776349635776, 0.00010574388593980094, 0.00010825497488851617, 0.0001396046538741034, 0.00014555551187013518, 5.840129015662022e-05, 0.00014873144651558474, 0.00012704525874758843, 0.0001190663406749959, 0.00011279624683718231, 0.00014216772797504115, 0.0001217161409397478, 0.00014876536963526096, 7.306962083223454e-05, 0.0001103899667652165, 0.00011742924653242382, 0.00012999881089087917, 0.00014398674886222223, 6.751344344009666e-05, 7.169051297268364e-05, 1.5651903309408383e-05, 0.00010241813357212242, 7.130137927174803e-05, 0.00012994946960888688, 0.000100483033967711, 0.00011807397300068577, 7.67307395416343e-05, 0.00013097326339866453, 0.00012271572057754768, 0.00015481226327969364, 0.00017392148181178028, 0.00011885331554834941, 0.00013048094047542948, 0.00010308821336149702, 0.000122549757147278, 0.00014237906400547628, 5.1203748716610165e-05, 6.333359889060243e-05, 0.00011773779009815254, 0.00016676390939401677, 0.00012254093075682508, 8.013433072676576e-05, 8.041291388462397e-05, 0.00014024003877074947, 0.0001266623191763465, 7.164038242470728e-05, 8.271794486118895e-05, 0.00012770639920166218, 0.0001151630450727429, 0.0001767605113998832, 0.00012479335342417718, 0.00014790799430600514, 0.00011847325638830672, 0.00015698728280494234, 0.0001384235325073761, 0.00010488176691825961, 0.0001056688980875125, 0.00011886188512808397, 0.00013462032139191372, 0.00015475201283876968, 0.0001013322428966754, 6.723562449739161e-05, 7.923003494231645e-05, 0.0001541491118868075, 0.00015801181513574504, 0.00015173888906805545, 0.0001406469139089588, 0.00013252941613535167, 9.014804992799601e-05, 0.00011691290021731707, 0.00010142335848809822, 6.619174911138962e-05, 0.0001564092686920545, 0.00010663954176971139, 6.386685254610576e-05, 0.00011423861540684345, 7.834349766487467e-05, 0.0001639300781237791, 5.7844266976333304e-05, 0.0001569829623802101, 0.00011541639939099804, 0.0001559606792997322, 7.599245864657473e-05, 0.00012748091950808956, 0.00011544732842325655, 0.0001500874452852149, 0.00018608149279143206, 0.00011256740985282877, 0.00012976703325127994, 9.019381765145153e-05, 8.513997579417255e-05, 0.00012473585772372785, 0.0001098625288660283, 0.00013519391604443898, 0.00015569055416584873, 0.00016697548434716148, -1.4141467160724517e-05, 0.00014884011672698156, 9.032386178571035e-05, 0.00010887004016800323, 0.000158682365313135, 0.00017546729241256474, 0.00014187683223349832, 0.00017596082975385651, 0.00015658213777301782, 0.00010653674366873023, 4.2216931180459824e-05, 4.905626608148017e-05, 0.00011800086559872147, 8.874614403189742e-05, 0.00015815896370255836, 0.00011939395477093985, 0.00011431077830158963, 4.3671633718588106e-05, 0.00010965586923107341, 0.00013428635929892545, 6.570609161229528e-05, 8.667783673004388e-05, 0.00010771891965199727, 6.887077977945927e-05, 9.164368538288058e-05, 0.0001242147819474787, 0.0001049225864266232, 7.018835410372707e-05, 0.0001542162685572404, 9.675246482216318e-05, 0.00010030935680160275, 9.643686425588848e-05, 0.00011087764276687289, 3.0388490452716367e-05, 0.000127034495033479, 0.00014387207570533718, 8.830534273463175e-05, 0.00010063479223125561, 0.00012880908964524898, 8.840849233173256e-05, 0.0001470134788712815, 0.0001294940993563436, 0.00010145559541679555, 5.9578589848698494e-05, 6.919494229579723e-05, 0.00013743991845421922, 0.0001443525142382481, 0.00016853390856638552], [8.165161906263315e-05, 0.0008564495093805309, 0.00014962723680542184, 0.00016341362192177987, 0.00013765537281282267, 0.00012032791845525766, 0.00010238647816168876, 0.00011630383526581219, 0.00016261844133395268, 0.0001471043783665123, 7.505947727976863e-05, 0.00010668146777416531, 0.00016066598310364254, 0.00011068597442102698, 0.00012805238266667534, 0.00016324984540144085, 0.00016592040461885902, 0.00013999840867245797, 0.00015851869707524753, 8.687015303010493e-05, 0.00016104558497303438, 8.636738956950627e-05, 9.947956332088546e-05, 0.00015470340662006492, 0.0002169583776387118, 0.00010378716012538906, 0.0001377267205894264, 0.00011545722746374931, 0.000159354175642233, 8.59835256868797e-05, 0.0001536105573343643, 0.0001274785717159215, 0.0001236292726664366, 0.00014621682845785102, 0.0001276731776602783, 0.00012677931913355266, 0.00010513536220225876, 0.0001535486468308802, 0.0001259867778466885, 9.285825905827994e-05, 0.00016164664585014497, 0.00016285576188459716, 9.179748943458607e-05, 6.387022611040938e-05, 0.0001565986352689723, 0.00017400920198549767, 0.00015678276690047653, 0.00013803539708252927, 0.00013359676656910275, 0.00014170929773602283, 0.00016007647120530046, 0.0001145745743497008, 0.00014178152495542988, 0.00018805722576587975, 0.00010472360430963882, 0.00014455211848734813, 0.00010104434523123129, 8.834888683715749e-05, 0.00013360464581898784, 0.00021018852273693166, 0.00011750723245235661, 0.00012178339763089061, 0.0001441727543054654, 6.654173297003625e-05, 0.00021392505682547793, 9.581248073079206e-05, 0.00017821656934964266, 0.00017346313545132242, 0.00015740059884856468, 8.948190442650459e-05, 0.00015042926087051995, 0.0001889105086891151, 0.00014256929953026842, 0.0001265064804669831, 0.0001286711247626823, 0.00011296725265563193, 0.00013159792556277823, 0.00010005750914663765, 0.0001285739537370684, 0.0001282618985511053, 0.00012975874581075357, 0.00013644720084515812, 0.00014208443365680288, 0.0001662249891174257, 0.00014504316894623097, 0.00011662390586677386, 8.312201962825386e-05, 7.437482662809421e-05, 0.00016755520081082349, 0.00014414754569025404, 0.0001362653488655706, 0.000124477168251286, 0.00014973945367506778, 9.381842739266023e-05, 0.00011947167274450146, 0.00011776788611211679, 0.00015550759824326652, 0.00012308943049222642, 0.00013404590724101455, 0.0001286613332201239, 0.00011754289990033714, 0.00013511787083110547, 8.545141495693308e-05, 0.0001168579403138465, 0.00013083928068807323, 0.00016768588245646128, 9.24748502839074e-05, 0.0001598481824842376, 9.418932291354432e-05, 0.0001240829338838538, 0.00012152818312612375, 0.00019104223874754158, 0.00015997620984963053, 0.000187373421144588, 0.00014705166662174095, 0.00014574971194632858, 5.2765199504755314e-05, 0.00017817694712098355, 0.00013740568743248076, 7.74843488077879e-05, 0.0001671074763728466, 0.0001566092972729471, 0.00011828949017076227, 0.00011908829728793974, 0.00014876204521917832, 0.0001255237624949793, 0.00016617089257297055, 0.00011047322352040176, 0.00015227344529924542, 0.00010952955228551642, 0.0001397617680923759, 7.174574675564857e-05, 0.00012177347588857438, 0.00014835252882608937, 0.00011399881587340015, 9.92102118385001e-05, 0.000160917327468886, 7.223067157301122e-05, 0.00014061073845959797, 8.528202402318549e-05, 0.0001407135759333558, 0.00016131647490129998, 0.00011838161815729833, 0.00017340180007535634, 0.00014627771578062452, 0.00010660681555871738, 0.00011258529582017171, 8.969347292564362e-05, 0.00015113712227208184, 0.00017835378061038042], [0.0001636444338629545, 0.00014962723680542184, 0.0008519032952303053, 0.0001754906943152493, 9.161638367328146e-05, 0.00015660307000176898, 0.00011495524069375646, 0.00011988894840785015, 0.00013164584462007291, 0.00012078354838853903, 0.00013207917477148345, 0.00015548380425941825, 0.00016779879094700603, 7.927225171103556e-05, 0.00013742678978532095, 0.00010843785194879561, 9.126042803359859e-05, 0.00017688838106798244, 0.0002002204223475902, 0.00012480815878579375, 0.0001542860147138083, 0.00019079507793358006, 0.00017785323733051357, 0.00017719481318360204, 0.000145515892144867, 7.318987822720352e-05, 0.00011674493791251722, 0.0001427869850599858, 0.00012304865636891062, 0.00014457953765163582, 9.789828703229189e-05, 0.00010167525338720943, 0.0001155963588514539, 0.0001892050386429365, 0.0001470433794616533, 0.00019687779207120285, 7.482009512695538e-05, 0.00011797457337372845, 0.00014953000363950074, 0.00014616760375537387, 0.0001078672037879006, 0.0001125509240414736, 0.00010206394852955904, 9.793425167023135e-05, 0.00010849189803844081, 0.00012698354664150737, 0.00012535295850449828, 0.00013654375975216186, 6.894605429585508e-05, 7.462756895244886e-05, 0.00012143930149199375, 5.666012287737294e-05, 0.0001439810494965071, 0.00013850381763399892, 0.0001153492233589104, 0.00013899127333785995, 0.00012701595705888813, 0.00014134290114389724, 0.0001788449405967582, 0.00014762471330376513, 0.0001650594369654242, 9.807333367649971e-05, 0.00016920521339376513, 9.802864476823308e-05, 0.00016191785832501672, 0.00013779825781780761, 0.00015374553769789722, 0.00010145320117104073, 0.00012757266669338103, 8.036311644496453e-05, 0.00014160196164175295, 0.00016465088434218812, 0.00013874337607300063, 0.00012952857915662027, 0.00012530780806778053, 9.964385654888586e-05, 8.926558190987817e-05, 8.594117539968898e-05, 0.00017633031179194132, 0.00010218357027299524, 0.0001304108900432085, 0.0001278586378051257, 0.00011021336901830995, 0.00019915429902387684, 0.00010779206259079722, 0.00015324277667016345, 4.9470270137303625e-05, 9.442423253913982e-05, 9.219046626082668e-05, 0.0001129625722501429, 0.00014198640940620385, 7.019352187727907e-05, 0.00011388720884360489, 0.00011660527579198776, 0.00014465491279686877, 0.00016229229283252724, 0.00015479859977101895, 0.000179581537072328, 7.253722002714456e-05, 0.0001566556732647878, 8.823803615795955e-05, 8.385089600161037e-05, 0.00013095657116128057, 8.295704945913564e-05, 0.00013680228438409534, 0.000168050553342136, 0.00015115621898230313, 0.0001412593579010006, 0.00010092075977617176, 0.00019303001672608722, 9.873109507742701e-05, 6.239919929368322e-05, 8.993801101369827e-05, 0.00017706650068063522, 0.0001603370394504097, 0.00013811614895690663, 9.746640842959774e-05, 0.0001669971061932146, 0.00010849983885303534, 0.00012520790573688456, 0.00013275930414085669, 0.00012776575359136166, 0.00011076607865354572, 0.00013327071026581942, 0.00010605437767784226, 0.0001504817846912387, 0.00016230843983963867, 0.00011836158835601776, 0.0001463421397340513, 0.0001723591364240244, 0.00011170623331898237, 0.00015112036422455463, 0.00014379212150503854, 0.0001096984597417442, 7.093222076360808e-05, 0.00017133993880621813, 0.00011707433671563814, 0.0001129682143051796, 0.00011743815251754834, 8.555244703296443e-05, 0.00011236443591836911, 0.0001307798614538277, 0.00013025658655695755, 8.826006740426996e-05, 0.00011546823202454834, 8.085689230927954e-05, 0.00014745422284155027, 0.00017585393053644053, 0.00014278173031408617, 0.00013104504214094835], [0.00015018895096329232, 0.00016341362192177987, 0.0001754906943152493, 0.0008512180369685179, 0.00012423748342246883, 0.00012072608951316691, 0.00011289932027540248, 0.00010440765088339698, 0.00017129059453699263, 0.00016199284940171914, 6.217295011964304e-05, 0.00013802768757124935, 0.00017896298680811847, 0.00011632259811281663, 0.00013155801485309734, 0.00017942682145728273, 0.00012563736739144496, 0.00012100788080074655, 0.0001477415918443002, 0.00010012531757037987, 0.00014032220567162493, 0.0001475716034087548, 0.00012064016768381034, 0.00017598938853417576, 0.00011894437173248548, 7.393492641482676e-05, 8.02988654320127e-05, 0.00013106234277442095, 0.00014402988709191612, 9.474990607735798e-05, 0.00014526140036074013, 0.00015571109515423047, 9.664330094956226e-05, 0.0001834239378777223, 0.00013761604278654567, 0.00016639081974024718, 9.77197876514151e-05, 0.00013598903692957156, 0.00016471152155105582, 0.00011785157442877922, 0.00013213822362264329, 0.00018088364830209252, 0.00014167018471487162, 9.695224703656712e-05, 9.216130817307343e-05, 0.00019418089193195984, 9.741021210647513e-05, 7.086004996177256e-05, 8.163924329816991e-05, 7.731473006391882e-05, 9.091262246319125e-05, 6.523474594140202e-05, 0.0001450946003729264, 0.00016986543922080786, 0.00016834303358446135, 0.0001463417914323255, 9.915675814281336e-05, 0.0001783806133980757, 0.00013043388425539948, 0.00013937133274369542, 0.0001361187146676447, 0.00015181717073155243, 9.934746753167579e-05, 0.00016345136121447958, 0.00017986371069952055, 0.0001195193005022887, 0.00010301603809877501, 0.00011259228411564439, 0.00013851567232352758, 0.00012048499225950432, 0.00011690314575382308, 0.00011736753545453546, 0.0001562258543810806, 0.00015150655110628047, 0.00014140906744078617, 0.00012108254969617277, 8.726446358639061e-05, 0.00011616778513708431, 0.00010297836195361399, 0.00016116215107848128, 0.00013558510140275587, 0.00011193694661888684, 0.00011041914801553162, 0.00014546064776522496, 0.00012497603619574316, 9.775747287157837e-05, 0.00011622837702421252, 0.00012471528668764052, 0.0001933326279187592, 0.0001928465240473165, 0.00012997400255109693, 9.362250069231104e-05, 0.00012327193945031837, 0.00011991006680724646, 0.00014884628814293335, 5.696320190216591e-05, 0.00010817657418147231, 0.0001484761067770536, 0.000159976536588823, 0.00011345869391138092, 0.0001438188630432965, 0.0001915912885013259, 5.969566158525369e-05, 9.671829374206895e-05, 0.00011520267620395864, 0.00010629827851990166, 0.00011913378722329729, 0.00012844475834964056, 0.00011582407072474623, 0.00017229380609549787, 0.00013701098752737047, 0.00011381324082100008, 0.00010370777397300414, 0.00015949397249793187, 0.00017394923515707942, 0.00013921406511243768, 0.00012284732065967921, 0.00015153423819177453, 0.000124831628641785, 6.982935302885022e-05, 0.00010579599598227587, 0.00015799871333564873, 0.00010853267829939304, 0.00015610365123805423, 0.00014526223398440025, 0.0001723474334235235, 0.00012175061051426884, 0.00012518068041406135, 0.000158162239235956, 0.00015847989219936397, 0.00013341980620031835, 0.00015831453726800046, 0.00012367348700722614, 0.000109720799179669, 7.292247409609934e-05, 0.00011930527528680252, 9.271518184716651e-05, 0.00014516599732596926, 0.00011249477542207851, 0.00010931149268935208, 9.637077636221121e-05, 0.00012664098487782805, 0.0001383180187740102, 0.00014624986887369005, 0.00017471438913299034, 6.287812260222803e-05, 6.096077007914352e-05, 0.00015395408511894302, 0.0001583240974951776, 0.00013633998426672904], [0.0001191204364332493, 0.00013765537281282267, 9.161638367328146e-05, 0.00012423748342246883, 0.0008465712304099284, 7.498623901789063e-05, 0.0001641692286004739, 0.0001243873691146484, 0.00013531651561485533, 0.00016312046745269975, 8.618881542172113e-05, 0.0001317299791964352, 7.633490914028826e-05, 7.932618251833067e-05, 7.14404912299466e-05, 7.164448500000661e-05, 0.00011427316803138771, 8.980419032419358e-05, 0.00012540828563191707, 0.00010767164013483256, 0.00010730697170656255, 0.00012856727236134965, 7.822119111041467e-05, 0.00013467303622403536, 0.0001229321268043547, 0.00017069231886264913, 0.00012478853351480015, 0.00010298288199156985, 0.00010701510941485548, 0.00011863885642359057, 0.00013961278794544967, 0.00010803011233758461, 0.00011451275807198849, 8.303897718605401e-05, 6.233352715304657e-05, 0.0001452917898049101, 0.00014333344975172972, 4.824582228200611e-05, 8.174185020684262e-05, 0.0001274548712569317, 5.568415051770701e-05, 0.0001696309656087023, 0.00010503217493362289, 8.869026463657346e-05, 0.00012790571523181493, 0.00013556360611075943, 0.00011416537742327772, 0.00012266934955457368, 5.9644130118778945e-05, 0.00012629333151056263, 9.566266341708976e-05, 9.269493701001698e-05, 0.00010895328776123488, 9.168486645159606e-05, 0.00011389600015560134, 0.00017910979649340364, 9.994533940870404e-05, 9.601527848163601e-05, 4.8200563193515674e-05, 0.00010866887261903698, 0.00015776632951941153, 0.00011737481483703838, 9.71215851204652e-05, 0.00012454937265637982, 0.00012191888970880468, 6.237102006034084e-05, 0.00014666158331667363, 8.568606722090212e-05, 0.00011819937737116327, 0.000149191166636076, 0.00014112606142575518, 0.00014709346885013647, 0.00011249377418212852, 0.00013271671396601262, 0.00010532308103435187, 0.00011397004886870054, 0.00012082688756231302, 2.89042324739085e-05, 0.00012810079859529145, 0.0001374561238694414, 6.427427054421209e-05, 0.00010436378175272797, 0.00010335750817716484, 0.00010847257898210015, 7.232115904198211e-05, 0.00011950499526562344, 4.43360832351516e-05, 0.00017272759319521692, 6.705180664602442e-05, 0.00013274208318753947, 0.00010689598660690053, 6.554303363908614e-05, 0.00015205861636915057, 4.028004918804404e-05, 0.00010621569162290597, 0.0001252712945154172, 8.882497347029736e-05, 0.00010129132416383219, 9.553833778601723e-05, 8.361360241199785e-05, 5.7100584762038534e-05, 0.00013703425302057212, 1.8065011363291212e-05, 6.619383404693686e-05, 9.630445745243358e-05, 0.00011983389634609155, 8.089135461443924e-05, 0.00014010666465591543, 6.437880326063872e-05, 8.023619280141407e-05, 0.00012366233511862536, 9.823019114702543e-05, 0.00012182630018109551, 8.377510307046861e-05, 0.00011732590052098504, 0.0001070097224887099, 9.119890245130896e-05, 0.00012762274071473017, 0.00014583670220014652, 0.00010324884562114029, 6.717497304499589e-05, 0.00011528742824115674, 0.00011059070666991847, 9.95265281727935e-05, 0.00013116914811352312, 4.830956897575601e-05, 8.049239047553167e-05, 0.0001101408632779629, 7.24247183045695e-05, 8.391432904878993e-05, 9.6754760242008e-05, 0.00011039459106578379, 0.00010637059741994042, 9.528038195446915e-05, 0.00013094421753164374, 6.0720226024877886e-05, 0.00011186682321002925, 0.00011047929651835183, 0.00017968389600550217, 0.00010553391004923182, 0.00012062252687236675, 9.750091355183514e-05, 0.00014468823052691905, 0.00014379017590335642, 0.0001568817392789498, 0.00017411230294445807, 0.00014266114941498978, 0.00011480230619532965, 0.00010943568645199491, 0.0001129521011684192], [0.00014234641635610558, 0.00012032791845525766, 0.00015660307000176898, 0.00012072608951316691, 7.498623901789063e-05, 0.0008338808090252278, 0.0001225932910313075, 0.00017762281414073936, 8.003119655928102e-05, 0.00012840098253935056, 0.00011152157524723632, 0.00012187320795494752, 0.00016777252033502545, 4.7398802331825526e-05, 0.0001266110769927711, 8.400088624738144e-05, 0.00010559911826222356, 0.0001394986602677786, 0.00018912888812431698, 8.456881824566196e-05, 0.00016769240843346708, 0.00016721495709062697, 0.00014276939300461602, 0.00011349382911681513, 0.0001579025444722175, 8.657622110927238e-05, 0.00013385878515958797, 6.246163910314841e-05, 0.00010591622672803238, 0.00013061746075681026, 0.00016644127934798146, 0.0001944518380270483, 5.464178721217334e-05, 0.00018944412556023396, 6.9709851877802e-05, 0.0001044606140510359, 0.0001288219750978663, 0.00015340725308198022, 0.00010967382873615325, 0.00015441708807934396, 0.0001262719606179402, 0.0001270597947916539, 7.863065744045564e-05, 0.00012182319547127888, 0.00014092741002500776, 0.00014978272694071237, 6.85155441643628e-05, 0.00016109902280001854, 0.00011778751626754304, 0.00014666718267312203, 0.00013587928122910583, 0.00013103641183573707, 0.00015584041294581282, 0.00018328502332507616, 7.367828462818854e-05, 0.00011513855623678795, 0.00011998803150442165, 0.00011317880630175596, 0.0001800005624028764, 0.00015224256040222313, 0.00014177064913559745, 0.00011859096823171212, 8.852883109907165e-05, 0.00013627608248023706, 0.00012773167228374036, 0.00010509393760875774, 5.6345200022606026e-05, 8.743038832079302e-05, 8.816519092529373e-05, 0.00011234728686500441, 0.00011046095248120256, 0.0001443389309964068, 0.00011631972461424202, 0.00016565566580975912, 0.00013061813282045078, 8.996662216682682e-05, 8.433589312146482e-05, 9.897314255317697e-05, 0.00013420442332156513, 0.00014983687187961693, 8.742627900365931e-05, 0.00011703195047703857, 9.15218809215045e-05, 0.00018152443711229175, 4.783431208422421e-05, 0.00016332913242152265, 0.00015033801490676495, 5.9070026474369757e-05, 8.796417790818237e-05, 0.00010884225570968228, 0.0001426199118447045, 0.00013290417701868493, 0.00012622162999720285, 0.000122917219407272, 0.00010879744322395784, 0.00012771162969327262, 8.273192933832916e-05, 0.0001279718733891757, 0.00010554865570819969, 0.0001662978513715062, 0.00017645834359623282, 0.00013891839108064888, 0.00010570610772012433, 0.00013208342266643575, 0.00010865277727707642, 0.00014627673308824056, 8.446335408811177e-05, 9.83541159855335e-05, 0.00014236946711096898, 0.00014511722009343154, 0.00014768073767557194, 0.00015692244178479916, 0.00010444941099669947, 9.222116496948729e-05, 0.00015915988896503524, 9.620168797771022e-05, 9.051930677377929e-05, 9.332058115404171e-05, 9.216644834185196e-05, 5.8084492245235134e-05, 0.00010890426471632624, 0.0001460872413072537, 0.00012860262102500224, 0.00017388140778935732, 0.0001224030776713303, 5.756822316642769e-05, 0.00011091757215594836, 0.00014279756111709222, 0.00015066634608399809, 0.00015107964734416065, 0.00013330628918599546, 7.708597842870824e-05, 0.0001412532231309188, 0.00011078645955919027, 0.00015608552915790123, 7.009441220224714e-05, 0.00015550782599242175, 0.00011575344930251234, 0.00011937844097019239, 0.00011252516378555029, 0.00012019643283659851, 0.00014639682015002886, 0.00011949474361700825, 0.0001468297207203983, 0.00015511896110972435, 6.854168808150218e-05, 0.00013354796443071658, 0.00014629579245592972, 0.00013799961659207298, 0.0001127271958787226], [0.00012430776349635776, 0.00010238647816168876, 0.00011495524069375646, 0.00011289932027540248, 0.0001641692286004739, 0.0001225932910313075, 0.0008711850425559489, 0.0001168801780263784, 0.00015578903665566633, 0.00016344852819768265, 0.0001598255908484831, 0.00011866067541005954, 0.00011059977526538013, 0.00013181951423967862, 0.00014633962883540987, 0.00012251734717723677, 0.00012905866308064582, 0.00015820039771709078, 0.0001530726772846651, 9.225110656582903e-05, 0.00012146150871018184, 0.00011749426730238591, 7.110771230290586e-05, 0.00012362151917712122, 0.00010850391902545425, 7.257847146965063e-05, 9.473184808466116e-05, 0.00014050518055186355, 8.667936289343718e-05, 0.0001576199345010965, 0.00015890975585881417, 0.0001743261748068855, 0.00016115296697022795, 0.00016629688594000435, 0.00013898919090291626, 0.00016130017546803658, 0.00019033555963718, 0.00019602248073999739, 0.00014485646349103452, 0.00012817146078058475, 0.00010403219695089786, 8.047995449606811e-05, 9.4693594238988e-05, 0.00015195177589337773, 9.85062171502066e-05, 0.00011842254295116902, 7.074066412849916e-05, 8.385600534150894e-05, 7.637957308196846e-05, 0.00011092921547339273, 0.00011571260050586126, 4.691839531659666e-05, 0.00012965105601116562, 0.0001402895778485216, 9.784160068898934e-05, 0.00013083806807477093, 0.0001303005346742124, 0.00015594215262977002, 9.920973367734474e-05, 0.00019799277755719295, 0.00014958147518441705, 8.373732556616226e-05, 0.00014394307308498557, 0.0001245518956858992, 0.00012045876022684578, 9.67085541838365e-05, 0.00013684495073338067, 0.00010091969408552674, 0.00012133151433069035, 8.416906969668304e-05, 0.0001479316536405268, 0.00017191505144112002, 0.00013935381270172603, 0.00010809574337369939, 0.00010381731043260815, 0.0001300262051459119, 0.00011375836105375221, 0.00013489725113780286, 0.0001327916189175944, 0.00010963974193327858, 0.00012149334086236806, 0.0001012699561861091, 0.0001293364720029616, 0.00016710327699657562, 0.0001086285400146071, 0.0001619149348906202, 7.555053444501706e-05, 5.9116383276336864e-05, 6.73169464845809e-05, 0.00017220407324122962, 0.00011409374257216207, 0.00011238952266372309, 0.00018356770253990045, 0.00011972520132526733, 0.00012748530088684768, 7.612937930579988e-05, 7.720761664382154e-05, 0.00014605775256173878, 0.00011678141171752787, 0.0001186900980243012, 8.166720226416526e-05, 0.0001044977975307719, 0.00013740330197159123, 0.00011689173554188023, 8.27736994484245e-05, 5.2313893771696856e-05, 0.00011938605200405018, 0.00011608218987996077, 0.00012503660590839383, 0.0001333177561428124, 9.621096957462214e-05, 9.498315591066141e-05, 7.613600826459638e-05, 0.00013162569746233776, 8.735190882728132e-05, 0.0001111052913036362, 0.00014355108599648932, 0.00011141641078384621, 0.00013450234889646035, 0.0001416879206578297, 0.00014766784261795694, 0.00010101057860912228, 0.00011166821634230733, 9.293441723732598e-05, 7.883460005586662e-05, 7.470658464469546e-05, 0.00012321841026848948, 0.0001585823322352449, 0.00010474972682950833, 0.0001188648410579542, 0.00015341709400866314, 0.00011642972472900426, 0.00016635280510371846, 8.930242076901446e-05, 7.281054412793842e-05, 4.9051945797902346e-05, 9.789080614850732e-05, 0.00010547759988418632, 0.00019204078705473184, 0.0001538438893513977, 0.00013860196347306825, 0.00013540913803542214, 0.00013598502364494777, 7.431693618604123e-05, 0.00013555226989920207, 6.055802448978339e-05, 0.00012258876502940528, 0.0001332325933143486, 4.707417399990843e-05, 0.00013361159263463877], [0.00010574388593980094, 0.00011630383526581219, 0.00011988894840785015, 0.00010440765088339698, 0.0001243873691146484, 0.00017762281414073936, 0.0001168801780263784, 0.0008284449056128368, 0.00014837341427372818, 0.00012933187350243602, 0.00011645872544519361, 0.00011842089982388974, 8.825881430557545e-05, 0.00010030276571753462, 0.00017518217530682653, 0.0001224011351258246, 0.00011802511297236613, 0.0001337573834151444, 0.00012705935458063458, 6.212341395733877e-05, 0.00014552965865429992, 0.00014121988066569512, 0.00010381068400971391, 0.0001569249430967188, 9.846084852852826e-05, 7.732699868882212e-05, 0.00013632918057282267, 0.00014296167854595729, 0.000101168771918415, 6.007893763663395e-05, 0.00013023490556901882, 9.041601094159919e-05, 0.00015497440589958345, 0.00011892993539135877, 6.254428924358376e-05, 0.00012831543603645642, 0.0001681191027599347, 0.00015817044912019992, 8.588072951040953e-05, 9.685517999426796e-05, 0.0001317152578853421, 0.00012482813262236286, 0.00010442694762798419, 0.00014754852639219552, 4.642484051588114e-05, 0.00018229021374522995, 0.00012781881210343973, 0.00012238761465239325, 0.00011133169892286585, 9.591836646295175e-05, 0.0001423758889333646, 8.890615712345768e-05, 9.480782037449882e-05, 0.00015043275533215418, 0.00011767220484397607, 0.00016953767882089396, 9.976351882924221e-05, 0.00011871168148036396, 9.675936633909671e-05, 0.00010312690485668154, 0.00012088086095725184, 0.00010732465546750142, 0.00010671680743183675, 9.76554756066175e-05, 0.00013448006158092292, 9.367769141627142e-05, 5.684067351383691e-05, 0.00013014178952898908, 8.577936763935823e-05, 0.00012149584733746419, 0.00013367663099491192, 0.00015140410735466875, 0.00015160362872530892, 0.0001141152876877198, 0.00010273325819106165, 8.598413615034754e-05, 0.00010048286792979516, 7.320898626459966e-05, 0.00014022325270398526, 0.00014553553261898895, 0.0001159167556031271, 0.0001280246318936686, 8.594604716765747e-05, 0.0001526354641248521, 6.439854033993046e-05, 0.0001465124536450834, 9.716560388439683e-05, 6.9681825101692e-05, 2.6665779978223037e-05, 0.00011469024856570911, 0.0001753054102219686, 0.00012479876388884285, 8.396662145538752e-05, 8.370540792283096e-05, 0.00011084174309915411, 6.981848554598412e-05, 0.00010144894427147728, 0.0001227549526365294, 9.44646028384081e-05, 0.0001043259565773432, 7.121706400641352e-05, 9.968283928072567e-05, 0.00012400375867202201, 4.9130176192096556e-05, 0.00014927631240457465, 0.0001047353482963781, 0.0001502529964423672, 0.0001531350519124308, 7.768104731155134e-05, 0.0001211238554400232, 7.129771079593594e-05, 8.724454363337324e-05, 0.00012512302086493593, 0.00017423589832333864, 0.00012740367360267288, 0.00015382174288000984, 0.00012163233975283425, 0.00011079307149836949, 0.00012748344160778578, 8.694628906507794e-05, 0.00014550219878033992, 0.00011247069965631079, 9.199650573085553e-05, 0.00011414812967375946, 0.00011750602390271711, 8.275116002973945e-05, 9.369903967225757e-05, 7.3511867111067e-05, 0.00011613826046358132, 0.0001492883228832623, 7.744466029588196e-05, 7.806075840268971e-05, 0.00014807311149726463, 8.040525946890497e-05, 9.567848244378292e-05, 9.856815412153661e-05, 0.00010181497149853655, 9.948660375007113e-05, 0.00015712611342676977, 0.00015952183559476692, 7.421221395246582e-05, 0.0001707625146065464, 0.00011377728487441614, 9.801114404425434e-05, 0.00014544067974210282, 9.934855437310941e-05, 0.0001251179548168534, 0.00010687630406650271, 0.00014343309798430656, 9.383043705557926e-05], [0.00010825497488851617, 0.00016261844133395268, 0.00013164584462007291, 0.00017129059453699263, 0.00013531651561485533, 8.003119655928102e-05, 0.00015578903665566633, 0.00014837341427372818, 0.0008296989257943509, 0.00012699727061602387, 0.0001211436965444848, 9.185035521016553e-05, 0.00013653790394377096, 0.00017053845517399715, 0.00017156892700496883, 0.0001917806229838261, 0.00018690933691352808, 0.00013919828814169417, 0.0001806972070984805, 0.00012971144146683102, 0.00018839088059513433, 0.00014579121321838757, 0.0001962966385061477, 0.0001119476098119844, 0.0001711543778390249, 0.00012369157655372462, 0.0001465597245222029, 0.00013475183320777072, 9.931322195534465e-05, 0.00018446538106129263, 0.00016979730760442824, 0.0001381935080928993, 0.00012483114925815865, 0.0001621731421082459, 0.00015883890160030625, 0.00015185029933049605, 0.0001394457945265167, 0.00012664674878671485, 0.00020141832239366797, 0.00016512257680393683, 9.163598075130673e-05, 0.00010378680434341964, 0.00013548033667996656, 0.00013823499992070176, 0.0001553147635296726, 0.00014172057184448343, 0.00010111130061722462, 0.00017087763750458132, 0.00011247680682485474, 0.00015553504088169418, 0.00016274459982411682, 9.878274254259958e-05, 0.00013938990809784685, 0.00014955991773173198, 0.00014250048317688456, 0.0001534298135453956, 0.00014915749037047325, 0.00015206241818587006, 9.058016630686601e-05, 0.00012447906364893629, 0.00013045319813676125, 9.717473907426082e-05, 0.00010789780298071648, 0.00010875242934060032, 0.0001268261801959665, 0.00014481799266641637, 0.0001944982671153076, 0.00017569341716629734, 0.00013903902656721667, 0.00011994957384813244, 0.0001974056725181009, 0.00018263673666911104, 0.00014647852944933834, 0.00016361669004312965, 0.00012858091813900647, 6.589934408123109e-05, 0.00014441493471049205, 0.00014375327471671738, 0.00015606518628987626, 0.00013329561950025783, 0.00017753890207129175, 0.00013380034530535958, 9.174145507364806e-05, 0.00011128307640219948, 8.326769942267786e-05, 0.00017056040756243727, 0.00010977389595328023, 7.47861961993954e-05, 0.00011230911594978027, 0.00014184412552370094, 0.0001439602513309157, 0.00011405440381729177, 0.00013275358293360617, 0.000176364365872015, 0.0001354123643092462, 0.00011454441792810161, 0.00010894472022233828, 0.00011053736274552293, 0.00011218255932214546, 0.00013174967391899536, 8.956205538805655e-05, 0.00016422801382085176, 0.00013111661579917115, 0.00014347250812708727, 0.00010789028695247141, 0.00016490332579120566, 0.00012330036527060948, 0.00014067548665230568, 7.500932224733713e-05, 0.00014873413110667944, 0.00012995771621629234, 0.00012215630116358338, 0.00014005639055437142, 0.00016511741300770624, 0.00019781561891407315, 0.00010849775953111654, 0.0001351496893878727, 0.00017496570066634744, 0.0001672524343615748, 0.00013527809728424697, 0.00010848204817886228, 0.00011207360629154141, 6.314019677270362e-05, 0.0001152995810625661, 8.096106126030405e-05, 0.00014305793216355013, 0.00010316504634459066, 0.00014128121600488799, 0.00017620412311638266, 0.00019042395469552273, 0.00016700770437733293, 0.00012205053882714576, 0.0001288334892165512, 0.00011120437520297927, 8.368786925574871e-05, 0.00014494541537672548, 9.541737548902241e-05, 0.00015369816251366997, 0.00011431673849564206, 9.905641095607201e-05, 0.00011553084285341285, 0.00015377405999143887, 0.0001421318849228695, 0.00012029418126749395, 0.00015145577082109542, 0.0001210538209943215, 9.844886558159891e-05, 9.876065172370374e-05, 0.00011554092164251453, 0.00011096932966427845], [0.0001396046538741034, 0.0001471043783665123, 0.00012078354838853903, 0.00016199284940171914, 0.00016312046745269975, 0.00012840098253935056, 0.00016344852819768265, 0.00012933187350243602, 0.00012699727061602387, 0.000855083311573532, 0.00014278802307527333, 0.00011749144746610354, 0.00015847079421542237, 8.950845940876113e-05, 0.0001922790215367412, 0.00016853798909409804, 0.00014977719908780752, 0.0001473055408573221, 0.00017981314093115143, 9.90551256399716e-05, 0.0001755496347158492, 0.00010458227604852773, 9.719306818454094e-05, 0.00016857986426604802, 0.0001718225828985644, 0.00012541850057616718, 0.0001019546542093091, 0.00011427260280998805, 0.00013668972756077956, 0.00015477567187560903, 0.00018094543387873896, 6.796826062559444e-05, 0.00012513214854770606, 0.00016947688993094177, 0.00010859746010217812, 0.0001769101427709972, 0.00015953623559562512, 0.00015659122205773077, 0.00019703641630689343, 0.00019274674351832562, 0.00010217431107381588, 0.00011711120355280792, 0.00014375917240859722, 0.00015013005931604516, 0.00018975310600011344, 0.00010277349713654902, 0.000147535145087301, 0.0001576992241314958, 0.00012227912106536684, 0.00016567500796620973, 0.00015136701046986533, 0.00014722752471531885, 0.0001528339477053582, 0.00013362763772544365, 8.00296933945913e-05, 0.00012216783719609344, 9.643532793704558e-05, 0.00017364105435115982, 0.0001441801106462158, 0.00020341625910865217, 0.00011851706491383256, 0.00014340942463472465, 0.00016810551431430934, 0.00011942052812814773, 0.00014229605215903345, 0.0001679503054900139, 0.00015208060334320314, 9.71710361026396e-05, 9.708744815739023e-05, 0.00010646641562388347, 0.00014493533745168759, 0.00020025029269096878, 9.322635226771542e-05, 0.00017868398405874577, 0.00015708694372439203, 7.327418510608288e-05, 0.0001284768351649105, 0.00015204267452021298, 0.00010248944131197648, 0.00018919369792658492, 0.00010663451455650069, 0.0001647643570115993, 0.0001296984527552929, 0.00015852130278119073, 0.00016711032286253536, 0.0001208995399776544, 0.00014094253576436567, 0.00011690024584033764, 0.00014609157002228054, 0.00015562151005374115, 0.00014190163593765247, 0.00011072994113340896, 0.0001760165201342073, 0.00010787621284817006, 0.0001609017990783283, 0.00014117812674362338, 8.250156667842241e-05, 0.00019524168177851282, 0.00014882921909932452, 0.00013518590058569772, 0.00011860644998200176, 0.00012396668495941125, 0.00019063734505190573, 0.00013338092992791015, 0.00012637463481650948, 8.098685552094876e-05, 8.700735618725106e-05, 0.0001466193685548013, 0.00015172972150242768, 0.0001414047988108336, 8.818687448859569e-05, 0.0001183418916279485, 9.646674524282678e-05, 9.606557739929084e-05, 8.727733962533424e-05, 0.00014396996289820995, 0.00014891032292699584, 0.00020671727362452506, 0.0001470425718380133, 0.0001396047081659914, 0.00018303175789354429, 0.00013276780076337366, 0.00015071030139994176, 0.00013483818129094983, 9.501277400338846e-05, 0.00016422907131548645, 0.00010566284133078552, 0.00012757532867619864, 0.0001291162243004869, 0.00017720192197860345, 0.00017357538084425016, 0.00012973365985065687, 0.00010099584919382168, 0.000178913916446755, 0.00010401939401632058, 5.5954026796000735e-05, 0.00015486650703927862, 8.527810591570079e-05, 0.00012716092459852187, 8.767590536437896e-05, 0.00014969813265820398, 0.00013359577205447856, 0.00012387185496228836, 0.00019252582124503682, 0.00011857800315182085, 8.064367917646711e-05, 0.00012344421286808395, 0.00014857588682371583, 0.00013874691747859603, 0.00012588704656725578], [0.00014555551187013518, 7.505947727976863e-05, 0.00013207917477148345, 6.217295011964304e-05, 8.618881542172113e-05, 0.00011152157524723632, 0.0001598255908484831, 0.00011645872544519361, 0.0001211436965444848, 0.00014278802307527333, 0.0008469041473359752, 0.00015398872750605188, 0.00011356350996688419, 6.548685009023779e-05, 0.00014280348974724753, 0.00011041287864938486, 5.5073144411692016e-05, 9.658217399171153e-05, 0.00018423324010930596, 0.00011469647658296232, 0.00012666253119356026, 0.00019356859200831943, 0.0001491363154524821, 0.00016519563745836496, 0.00014399286963588467, 0.00013522528789259666, 9.715858269910313e-05, 4.132788838836572e-05, 0.00012874227004535036, 0.00018162905990265507, 9.780112120063457e-05, 0.0001588270490795461, 0.00016146988517546913, 0.0001385737168187278, 0.00012320025097568784, 9.888356655116443e-05, 0.00012378362926976732, 0.00014363883461847955, 7.873590212888277e-05, 9.484587627389564e-05, 5.887120123656051e-05, 6.374869337178849e-05, 0.00012436307061092382, 9.625502985138381e-05, 6.112960738951756e-05, 0.0001239881342951513, 0.00010251400804443391, 0.00011905286914713958, 0.00012278731020840518, 0.00015249465434255148, 0.0001380718809402876, 0.0001251727584755289, 0.00012657515496453128, 0.00016640284190157936, 0.0001516640701641393, 0.0001508226064796287, 8.749307504368117e-05, 0.0001682827466098168, 0.0001137110423446128, 0.00011399103485109715, 0.00010256585190188594, 7.052832873249974e-05, 0.00011802679631761711, 0.00013399122200397076, 0.00012244268228499665, 0.00010395236995207997, 9.029137237030093e-05, 0.00014145800380141837, 0.00016237386965275297, 6.653135069260517e-05, 0.0001557306873399885, 0.00012787965163438503, 0.00014533673297876504, 8.915035613813149e-05, 0.00010596334346030588, 0.00013775185354165836, 0.00012266699399325666, 0.00011063086657360022, 0.00015686620020348516, 0.0001583268167339597, 5.3392495994895146e-05, 9.153705627704341e-05, 0.00014078930239268, 0.0001498216130011019, 6.74922289790648e-05, 0.00014128420290830288, 0.000155049707502463, 6.375621528004957e-05, 0.00011257011840433843, 0.00013827220000027138, 0.00010545782350285063, 9.791766419639803e-05, 0.00016453068964601103, 0.00010570321452567874, 8.423063911499755e-05, 0.000168877375300072, 0.00012778614307590026, 0.00011056128675240233, 0.00011195662000622214, 0.00013556652722715733, 0.000100206262119395, 9.648839813937928e-05, 0.00011116935113754945, 7.28512071102038e-05, 0.00012267684703314745, 0.00011726001999539833, 0.00011617826017227515, 0.0001391720852175588, 0.00010823290928642045, 0.00016464018166722092, 0.00014991328134929634, 0.0001490304481204776, 0.00010331630354906464, 0.00010828630453542064, 9.371725253195892e-05, 0.00013115995925872624, 0.00016513283643444858, 0.00015859968173398265, 7.896989289395327e-05, 7.068016382550719e-05, 0.00012780832286341215, 0.00011333770567197415, 5.382934892440493e-05, 0.0001586165953200155, 0.0001229978106546505, 0.00014971458105308256, 5.628973932598672e-05, 8.471510653185001e-05, 0.00013862251512597684, 0.00016033665012358893, 0.000139791993651886, 0.0001458236968312348, 0.00015931339497065548, 4.0842568412216295e-05, 0.00012096206562391835, 7.061473128731479e-05, 0.00011328032101587541, 0.00012656757900120916, 0.00011132161603367676, 8.651403424787308e-05, 0.0001561294097442193, 0.00013717754655834534, 0.00014978579008788047, 0.00011937798383932581, 8.012836343574615e-05, 6.643970980053583e-05, 0.0001046161949874442, 8.244743102123154e-05, 0.00014871477523321563, 0.00019258760982141123], [5.840129015662022e-05, 0.00010668146777416531, 0.00015548380425941825, 0.00013802768757124935, 0.0001317299791964352, 0.00012187320795494752, 0.00011866067541005954, 0.00011842089982388974, 9.185035521016553e-05, 0.00011749144746610354, 0.00015398872750605188, 0.0008175555011075829, 0.00012660157588989188, 1.4370243652019032e-05, 5.4860725847504545e-05, 3.743304854132824e-05, 0.00011096746583264908, 7.757083622028948e-05, 0.00013709678620122212, 6.743718126739744e-05, 6.427407718287319e-05, 0.00013528450368139737, 0.00014555941517788718, 8.780278976222628e-05, 8.065555246672259e-05, 5.904768083402196e-05, 0.0001692654463875132, 0.00014897411215767707, 0.00012147035616418422, 0.00013512915010623948, 0.00015828570586651032, 0.00012862585826073583, 2.9673499555170212e-05, 0.00014091779447694683, 0.00011963026250399291, 7.695988289733575e-05, 8.216248133129878e-05, 5.457276603368602e-05, 9.618540560031385e-05, 0.00014447719372023975, 6.968097781215569e-05, 6.752648104987423e-05, 4.8284508242246676e-05, 7.30145867523778e-05, 9.205785447834466e-05, 0.00012357795156969442, 8.3690