{"data": [[0.0009490571131087158, 4.236458853855757e-05, -1.3736498877148682e-06, 9.42523649934722e-05, 3.942479755038837e-05, 8.606260873357305e-05, 7.481286751150786e-05, 0.00015045448071956152, 5.0805483809308905e-05, -8.795365619875077e-06, 0.00011521243994373591, 0.00014537461806128705, 0.00016371912059653379, 8.361569603840008e-05, 0.00011798944915812902, 0.00012373366491309098, 8.32775487232552e-05, 0.00019283697161682993, 2.8287038200126983e-05, 0.00013192390454433564, 2.9633704567808805e-05, 8.579039451033101e-05, 8.511363390242917e-06, 0.00011491233217828859, 4.1789750070039766e-05, 0.00010292587021590776, 8.442007022093988e-05, -4.9359338695809855e-05, 6.70497302886348e-05, 2.5906990012809714e-05, 0.0001548619162003263, 7.811234674220605e-05, 0.00012912700614097012, 9.342657369704867e-07, 9.712597683848147e-05, 9.601432906712056e-05, 0.00015481670636407753, 9.521845359497746e-05, 5.603223458587619e-05, 5.906583586492946e-05, 3.5851530441779354e-05, 2.7211621703078386e-05, 0.0001747560814405352, 1.247807662239571e-05, 7.046378419753953e-06, 2.5849583267081646e-05, 4.5852628872549115e-05, 0.00011419697702591181, 8.290875366296968e-05, -5.570183723363231e-05, 0.0001352858059861159, 0.00011451359532287407, 8.821195793241995e-05, 2.0000131857439387e-05, 0.00012386019848253794, 4.8270301302241326e-05, 0.00011831688680131875, 8.687258955230597e-05, 0.00012202330211717375, 6.997195889401349e-05, 5.978986497184326e-05, 7.088098394799354e-05, 0.00012522001221441177, -1.2998206040535748e-05, 0.0002077287315433701, 0.00015904926361303315, 8.235554022979979e-05, 0.00011973874782926879, 2.0250667647543673e-05, 9.790413777567003e-05, 0.00011103995940575678, 0.00010295607422900057, 5.122132524470826e-05, 8.334720412313799e-05, 7.426529138232007e-05, 6.316967940623998e-05, 8.270193812064378e-05, 0.00014527797770072146, 0.000177311994133826, 5.469073895659399e-05, 7.78479714966104e-05, 9.263498669770257e-05, 8.278180087634645e-05, 0.0001007773705328104, 3.888838371616725e-05, -1.0189672090509487e-05, 2.2742737584659697e-05, 3.003749297036426e-05, 0.00012846379558156137, 8.877965760520168e-05, 0.00010255355862988452, 7.116408523573034e-05, 5.9441567437823985e-05, 7.853394256081861e-05, 6.411115885224018e-05, 1.2441795698530104e-06, 0.00011129710807382187, 0.00012503500692374276, -1.801069333021763e-05, 7.592322226801398e-05], [4.236458853855757e-05, 0.0009694540012283017, 0.00011215345396720243, 2.0023008747833734e-05, 0.00010915695848878965, -4.978291115116524e-05, 0.00011179150826880739, 0.0001330328225814494, 3.210926995089007e-05, 4.897997557196084e-06, 0.0001151855621132925, 4.081620976077572e-05, 7.254025633546703e-05, 4.758223755291456e-05, -6.697870475419764e-05, 2.1048851080312283e-05, 0.00012754198937391732, 0.00016874272388847644, 5.7205867307618464e-05, 2.9159917717116814e-05, 4.783799147656615e-05, 6.939021409033653e-05, 2.110391538974977e-05, 0.00010124759540631507, 0.00011152713210128445, 6.464984395121002e-05, 6.644754246276883e-05, 2.7572154311187824e-05, 0.00011725355048126235, 1.836795799509387e-05, 8.384637419506532e-05, 8.283555243874467e-05, 0.00012254663523492978, 5.4872569541443107e-05, 8.415017618316636e-05, 0.0001073911542264779, 0.00010254160618792071, 5.5240802964800986e-05, 3.8911865070869546e-05, 0.00017808932857806857, 0.000151206946240363, 2.2619973718396188e-05, -2.94895757665214e-06, 7.141489089463834e-06, 4.338614127652184e-05, 8.930891837838036e-05, 3.2488275016536506e-05, 4.89092453503548e-05, 7.689550098376354e-05, 5.7501220615532086e-05, -3.4591169714860088e-06, 3.062410523773815e-05, 8.02187898594302e-05, 0.00015073138899120218, 0.0001140527977675791, 0.00013126889911790603, 6.149441002530444e-05, 9.702173815695005e-05, 0.00010153192810444135, 5.9777071695302006e-05, 4.536514254435312e-05, 0.00010511409304949844, 2.81319207146305e-05, 0.00010967743227449253, -1.9398135824408337e-05, 0.00020860407307565564, 6.406757918476546e-05, 2.01422616130235e-05, 9.55469079321398e-05, 0.00018677629283584313, 3.396522698270393e-05, 7.969964231706135e-05, 9.626927811396663e-05, 5.896210165644148e-05, 6.924573266512683e-05, 9.422825492800109e-05, 7.191221759227e-05, 1.3350813481917672e-05, 4.424062012831822e-05, -3.298129332530825e-05, 1.3620513428624297e-05, 0.00013333286929574994, 6.270451803815162e-05, 7.21704498086652e-05, 4.072627169634753e-05, 0.00012092607071585411, 4.638738687817488e-05, 9.832837062493809e-05, 5.201745520335793e-05, 5.8439505123039236e-05, 1.9974118389108994e-05, 0.00014909934915831901, 0.00015061103076953076, 7.754990895367953e-06, 0.00011054213968864468, 4.896942502243684e-05, 9.60380523365473e-05, 3.9952550076984606e-05, 0.00012977289537233132, 6.809700148034072e-05], [-1.3736498877148682e-06, 0.00011215345396720243, 0.000953507339451059, 8.62786695005333e-05, 0.00012075088235270838, 1.0323939437322534e-05, 7.245131353919014e-06, 9.609393964923688e-05, 0.00013007261437283953, 9.664266928520607e-05, 0.00011157684124695242, 0.00018037743329620904, 7.775223837564905e-05, 0.00013906587109335504, 8.459813218497024e-05, 5.305298601277953e-05, -5.002412922449787e-07, 0.00011416791770540628, -9.2831380922893e-06, 4.821469063604318e-05, 0.00011797423072747718, 9.531235918384407e-05, 6.195996145583653e-05, 0.00012679506974476578, -1.315661320445377e-05, -4.358155430590914e-06, 5.426648638851222e-05, 5.770225312063103e-05, 6.204674277268207e-05, 5.09141990827098e-05, 6.2958797178818606e-06, 0.00010867925344188214, 6.621626362047249e-05, 2.4907463188988663e-05, 3.980271692371903e-05, 2.2207452086126177e-05, 8.976754989399341e-05, 7.67647816762088e-05, 1.8368105753992522e-05, 7.208440958415465e-05, 0.0001316721882595681, 2.6535046130799934e-05, 2.7711819945342708e-05, 2.825562962914373e-05, 2.2184404537511775e-05, 2.5704608271938044e-05, 0.00014029962493711354, 4.6795906502794875e-05, 4.672691957641113e-05, 8.604243618702464e-05, -8.791433829522411e-05, 4.112197911421431e-06, -3.283061473673594e-05, 0.0001477342083247921, 2.697610920335476e-07, 8.051003046827385e-05, 0.0001115315667350083, 8.8023317336979e-05, 0.00011706324611991193, 7.818584440823146e-05, -1.0206506548873981e-05, 7.089847735482987e-05, 0.00012462255022157958, 0.00012774323264792055, 7.343418354816629e-05, 0.0001627595589357839, 6.710844367636164e-05, 2.5034225281873598e-05, 9.43537293866192e-05, 2.632839955350548e-05, 0.00013309245533006442, 3.734547927139171e-05, 2.404568665215265e-05, 0.00010628014608247705, 6.780187998720077e-05, 1.2996291904752508e-05, 5.501269770297117e-05, 6.640995231316961e-05, 3.432595549714709e-05, 6.256758955049339e-06, 6.947250916534057e-05, 3.691297520028708e-05, 5.002679812977644e-05, 6.426201368965507e-05, 0.00010863095592524437, 4.163038262729241e-05, 0.00012729533800733242, 0.00014719142099118952, -4.438258232048644e-06, 0.0001366129487041765, 3.780625835702764e-05, 0.00014468010506409973, 4.120097026136722e-05, 7.29848697630469e-05, -1.280958782974601e-05, 0.00018432676176571532, 0.00012885456629487042, 6.960722692618475e-05, 2.57391643595534e-05, 0.0001053179199384877], [9.42523649934722e-05, 2.0023008747833734e-05, 8.62786695005333e-05, 0.0012634237434934292, 4.315816578975258e-05, 9.97258537927593e-05, 5.8729924821835486e-05, 0.00011470251394223453, 8.495128963103706e-05, 2.3655356980605117e-05, 8.860257247858959e-05, 4.418901767722413e-05, 0.00010690338681955196, 0.00013601789382011324, -6.887551723048604e-05, 6.978180908672676e-05, 7.026728658581664e-05, 0.00010015282495519633, -1.4172498439074834e-05, 7.070240028781932e-05, 4.740313461578981e-05, 0.0001412643765693037, 3.8385896194305066e-05, 0.00018335400130355762, 8.830529616801243e-05, 0.00010296900055022124, 6.6673598143482085e-06, 0.0001143141321674923, 0.00011525211664846952, 1.847165827577072e-05, 0.0001153518695392135, 8.149743470274882e-05, 0.00015560094119211926, 0.00021420439226511358, 6.780427766856824e-05, 9.270399229976597e-05, 0.00013328779892970348, 4.205185515556962e-05, 0.00014245096049159958, 6.58839210490148e-05, 4.886815942887137e-05, 3.8270343068480794e-05, 6.385111736892503e-05, -1.970084416713252e-05, 8.715084255140014e-05, -6.065764524883888e-05, 6.517360000528574e-05, 5.5054809410092185e-05, -2.853245858364346e-05, 6.0465300611254616e-05, 3.890554480593393e-05, 4.932321069692894e-05, 0.00010169801117109991, 4.970717967285934e-05, 0.00010419460315277154, 8.071143286155124e-05, 9.313005291872859e-05, 0.00010146663576693952, 0.00015792671437655473, 4.354446914974368e-05, -9.915233263122154e-06, 4.2732662202198095e-05, 0.0001469118771885476, 0.00010718803427726511, 1.2056227113054831e-05, 3.012500867078467e-05, 6.565350660584395e-05, 0.00020888980633893464, 5.4457704950653486e-05, 0.00017955168821064428, 6.165636707442529e-05, 0.00011571078618134389, 1.608811424964978e-05, 0.00013976498114026572, 5.056422847651269e-05, 8.462160162650342e-05, -3.6015787099031236e-06, -7.113263743319095e-06, 7.319596369899531e-05, 3.342019189630082e-05, 8.295696515092551e-05, -8.640525680073856e-06, 2.572760402514237e-05, -1.578381151577868e-05, 0.00022648670138768675, 4.052564992538948e-05, 0.00011464276164779818, 1.1306878244767966e-05, 6.084404590358791e-05, 0.0001510998918445961, 3.820988243866382e-05, 7.819910481561661e-05, 6.68499938108143e-05, 0.00019282953588628575, 9.715424978395296e-05, 8.093523067192976e-05, 8.323440700961562e-05, 9.237162905923e-05, 2.0024474099832194e-05, 0.00011600124735788208], [3.942479755038837e-05, 0.00010915695848878965, 0.00012075088235270838, 4.315816578975258e-05, 0.0013401479772610413, 7.079595265440075e-05, 8.31419688352063e-05, 0.00011822736001107426, 9.221148748146697e-05, 0.00010345562757674695, 0.00011527524106487609, 0.00010310526904196267, 0.00010684817667738165, -6.41492456631373e-05, 0.00010686307971371065, 5.344825785304642e-05, 4.6630729010968324e-05, 2.4718110200899556e-05, 0.00016881760560359628, 8.639684701283574e-05, 5.60233634883761e-05, 0.00010404676087429483, 3.247830356116842e-05, 7.023993478750783e-05, 0.00019660210254779975, 7.573434243034156e-05, 0.0001390992489677957, 0.00018608298851731999, 0.00019628853511525254, 0.00012276198525090263, 0.00014246265642494125, 0.00011489106101428115, 0.00014842504318602446, 6.0552146087394744e-05, 0.00012157796616730186, 7.989306200978354e-05, 0.00020055456975416266, 0.00010941401217413809, -1.9250511933505756e-05, 0.00010260616448632609, 0.0001946776865446924, 4.991547810773392e-05, 0.00011042058296731273, 0.00015519783832708143, 0.00011851185268132606, 5.672259199339909e-05, 0.0002239402835968364, 0.00011418956945212784, 0.00010828239272660896, 4.941711763877182e-06, 8.655838691261112e-05, 6.396854903596647e-05, 0.00022744042761766988, 0.00018216654134620703, 7.616346783071619e-05, 0.0001621570490748914, 0.0001603233948867191, 0.00014918602969283867, 0.00025753672989529275, 0.00011209669280886955, 7.265900512297942e-05, 7.933812197272507e-05, 7.679649640130622e-05, 3.805201176407044e-05, 0.00017306834415386314, 6.477597493801941e-05, 0.00010039221587796147, 3.281616163296738e-05, 5.153500751568295e-05, 0.00013628900615762093, 3.568341858011829e-05, 0.00014492325320141495, 3.8739869057077966e-05, 0.0001501531352747548, 0.00018196091510823165, 0.00017086525411899193, 3.861686306792667e-05, 8.877772683669526e-05, 5.5493368914535875e-05, 0.00013264733718874918, 7.560034179700367e-05, 5.7921465714787084e-05, 5.619628662087038e-05, 8.515478167691028e-05, 0.00010011162691126264, 0.00010381063635501358, 1.496777520004079e-05, 5.0528789043309926e-05, -1.6348856382290965e-05, 8.606683616505556e-05, 4.4025271721774014e-05, 0.00010442885914411342, 0.00010271520831617362, 5.1655085825442984e-05, 0.00010036786388058436, 9.433262532233724e-05, 4.918142978723089e-05, 0.00011734022804572016, 6.977127375087037e-05, 0.00014583939822392387], [8.606260873357305e-05, -4.978291115116524e-05, 1.0323939437322534e-05, 9.97258537927593e-05, 7.079595265440075e-05, 0.0010022680009180353, 0.00017667820975194313, 8.746512422858092e-05, -3.863479839551069e-05, 0.00014289351927675254, 0.000126766294250465, 1.650283207852576e-05, 5.062751732223694e-05, 9.586113956061275e-06, 0.00013681696084255623, 0.0001747333829094792, -1.3299092881976066e-06, 7.343222818965972e-05, 8.337174861402907e-05, 8.984460425263059e-05, -5.238246293629839e-06, 5.989136542223987e-05, 6.61971954569491e-05, 0.00010013932725920395, 3.773415807165962e-05, 4.640339925320244e-05, 2.2670051568784505e-05, 1.4941757094569838e-05, 0.00011720708887122882, 4.285273358429795e-05, 0.00015733007341790184, 0.00010372940799871548, 1.3357468673878447e-05, -6.536449198163043e-06, 0.00010008937355243024, 5.421573240124723e-05, 8.230078667172559e-05, 0.000152270697288323, 5.98639072714999e-05, 6.547266637216918e-05, 8.116778900045909e-05, 1.8994405344613114e-05, 0.0001706739193339414, 5.611765397615139e-05, 3.65522512993677e-05, 5.2371766779101724e-05, 0.00010473635716290343, 9.282598365459324e-05, -5.4665204582610746e-05, 7.930041262981393e-05, 0.00011922823596201606, 9.747174334835164e-05, 5.505194088365443e-05, 0.00012196656202128553, 0.00014961077853723506, 0.0001007423830113696, 0.0001291634288725499, -6.989770530435478e-05, 0.00010220040411046286, 4.567179191425204e-05, 5.723214954381455e-05, 1.875552529890048e-05, 7.028240041991075e-05, 0.00017408439433198874, 0.00012358279443665848, 4.91825250607004e-05, 6.257363602279424e-05, 5.855037736737285e-05, 2.1093104631705267e-05, 0.00011600041617873926, 5.916068849024766e-05, 2.8504587549967714e-05, 3.276194957414623e-06, 3.724360972472357e-05, 0.00014687701669511863, 0.00010475979478470081, 7.349303860618696e-05, 9.284376297872746e-05, 0.00011838096639374857, 7.331380994084965e-05, 5.1069502846053725e-05, 8.018867009040794e-05, -2.3560387193122595e-06, 2.652012119880114e-05, 4.858939568385921e-05, 1.3548626798029038e-06, 0.00016385904375660132, 8.615512456167714e-05, 4.2903382716698115e-05, 0.00014597241446058157, -1.4320973639179248e-05, 1.2958227771824199e-05, 2.9017351446365513e-05, 0.00011202321142134793, -6.267260321063228e-06, 5.245553435380403e-05, 6.690782259673391e-05, 0.00012341397313395645, 3.169098560295005e-05, -1.0234928306155345e-05], [7.481286751150786e-05, 0.00011179150826880739, 7.245131353919014e-06, 5.8729924821835486e-05, 8.31419688352063e-05, 0.00017667820975194313, 0.0011316197095243992, 6.712272280795822e-05, 3.794194119091017e-05, 0.00012777284908130866, 5.1149836901952125e-05, 0.00012619118841596298, 3.9813716089361215e-05, -2.2099176240911045e-05, 4.183807176795716e-05, 0.00010213245805509006, 0.0001016226274081365, 5.696455035822093e-05, 4.409601101404637e-05, 0.00019686606115833683, 7.250652390835585e-05, 8.56106886308307e-05, 7.888520451435268e-06, 0.00014236877833451417, 8.827274775725795e-05, 0.00017777513134492224, 8.325497988211955e-05, -4.2291753040857703e-05, 0.00020077963032051404, 7.543454106110352e-05, 0.000103985406880405, 7.087187876376921e-05, 0.00014976932870699056, 8.823616498198407e-05, 0.00010107363450332858, 0.00011125220708525628, 0.00014594346125375312, 1.698569301243091e-06, 3.050146234033328e-05, 6.50887341341252e-05, 8.159208524629683e-05, -3.656321559980293e-05, 9.487171544121237e-05, 0.0001271474936037116, 5.014325576653317e-05, 5.243141239881255e-05, 7.13981924063805e-05, 0.00011381888721927595, 6.244123920228608e-05, 0.00011318653671266652, 0.00017308892420792287, 0.00015268442180129514, 7.356741069209158e-05, 0.00018911876484456006, 0.00019985648445894363, 0.00011814899406413337, -1.8630027123777826e-05, 0.000157155441708357, 0.0001404076175146628, 8.10796883724647e-05, 4.240448786565084e-05, 7.736479419151434e-05, 8.025694201852922e-05, 0.00017702917016672478, 0.00011166195843613097, 0.00012266897876982686, -5.483115674239258e-05, 9.033681923163253e-05, 6.030625076686145e-05, 0.00011609957962088475, 4.913531209764208e-05, -1.0334253282365145e-05, 0.0001493221537095783, 5.599001154338396e-05, 0.0001651451358605722, 5.95615881327698e-05, 0.0001069638517751821, 9.000387914212146e-05, 3.9985282616920864e-05, 6.179053210551514e-05, 6.531166753147824e-05, 5.537164795736483e-06, 4.2751831195486345e-05, 0.0001130258355745554, 8.109920132369811e-05, 0.00016803723022706496, 8.836485982969694e-07, 0.00014665854221041004, 0.00010296273720589654, 0.00012885286483140716, 7.142889779683427e-05, -8.374047999083073e-06, 0.0001660291925894335, 0.00012655142583673534, 5.355464097829716e-05, 7.008238160276584e-05, 0.0001621380216464761, 0.00014774397244328647, 0.0001589119987879143, -5.255169757490232e-05], [0.00015045448071956152, 0.0001330328225814494, 9.609393964923688e-05, 0.00011470251394223453, 0.00011822736001107426, 8.746512422858092e-05, 6.712272280795822e-05, 0.0011167347430115569, 6.967721310302855e-05, 0.00011040619234927033, 0.00010213597403229561, 8.827642818375696e-05, 2.6411406081387322e-05, 6.791758239497636e-06, 0.00014278873421308307, 0.000125592379360456, 0.00012418224584897057, 0.00015832438621374086, 7.955135774747408e-05, 0.00016474496465218241, 0.00012703224338137035, 0.00014659064166801735, -9.292353258572097e-06, 9.3302439193741e-05, 0.00011788498387227578, 9.513374818792202e-05, 0.0001108408115879271, 6.2223813086078e-05, 4.709730191061939e-05, 0.0001233512765613346, 0.00021496265251650274, 0.00010196539271010161, 4.521379383295098e-05, 1.223894702989954e-05, 0.00016503055044579554, 0.000166331701333271, 0.0001268040222364404, 0.00010121188481163099, 3.301232317206753e-05, 0.00020323424081171573, 0.0003075898878625458, 0.00011287214992037002, 0.00010831762279561251, 0.0001316993551300435, 0.00012506181324588048, 6.803562728055808e-05, 0.00020767360914760526, 0.000154980031931479, 4.983185163789094e-05, 0.00013297608839084226, 0.00015795701495148966, 0.00014889836008062185, 0.00018225263115535553, 0.00013123920522874546, 9.361202014616865e-05, 0.0001548837778283614, 6.557237883941362e-05, 0.0001474861620258552, 0.00012243938942364013, 7.804947989878291e-05, 9.511652559508697e-05, 9.352946947408627e-05, 0.0001099876981803643, 9.510537082090905e-05, 9.138055754837044e-05, 3.8655304888112825e-05, 4.420687873089095e-05, 4.9086900411247295e-05, 6.445141912155788e-05, 0.00013376812130287262, 0.00021566991173741125, 9.363245274507438e-05, 3.842565478051607e-05, 9.866698162951295e-05, 0.00015153734023987605, 0.000102636682159633, 8.497100441440791e-05, 0.00011702291622509747, 3.4553463415746084e-05, 0.00012172114322366861, 4.1842180303279526e-05, 0.00016255505551987574, 3.563655608804465e-05, 0.00010741393409968222, 4.1926196396571604e-05, 6.663397610970501e-05, 5.4515651801956744e-05, 9.494384049845983e-05, 4.8943901309168246e-05, 0.00012336387157771625, 4.871393578990584e-05, 6.0555041733867195e-05, 0.00018798552044990645, -1.5936097352057067e-05, 0.0001060627653848872, 0.0001659870859211333, 0.00019710018965263926, 0.00015965977254688729, 0.00010412111686319077, 4.381311716807776e-05], [5.0805483809308905e-05, 3.210926995089007e-05, 0.00013007261437283953, 8.495128963103706e-05, 9.221148748146697e-05, -3.863479839551069e-05, 3.794194119091017e-05, 6.967721310302855e-05, 0.0010465967766670348, 6.367694070290742e-06, 0.00010208380196506802, 0.00010168801097999229, 3.0499426085725676e-05, 4.697500406204104e-05, 4.8837134519665406e-05, 3.348874696735833e-07, 6.106508607920998e-05, 0.00011377838211048185, 2.4554565319598566e-05, 6.121355122382352e-05, 8.461970490923725e-05, 5.537695376770389e-05, 6.028366895349238e-05, 4.11451046743653e-05, -4.428058331427343e-05, 6.556068055358322e-05, 0.00011773500623044095, 0.00011117170658463028, -5.362595994308397e-06, 0.0001330499799538681, 5.478267828434132e-05, 8.31894253146042e-05, 0.00015061111120660104, 0.00014895364585696693, -2.3443766464206177e-06, -2.612910274200887e-05, 8.54492319442144e-05, -1.2947656940560155e-05, 2.2439344927992855e-05, 7.177652820237336e-05, 0.00011524742518593094, 0.00015125752926908114, 8.811977762961944e-05, 2.6993133174367057e-07, 0.00014723620411632014, 7.424201725670886e-05, 0.0002134235160469282, 0.000159829017227332, 6.020779844270637e-05, 0.00010992682418985813, 8.225445121186136e-05, 0.0001409562719853407, -6.637779535858123e-06, 8.818998420239355e-05, 0.00013872077915408977, 9.794830536977739e-05, 3.1768926597213174e-05, 0.00012522738834110314, 0.0001583231048160116, 6.0232862859356985e-05, -7.005995391346547e-05, 0.00018158563267527432, -1.6660438838725402e-05, 4.547096656715971e-05, 0.00012148521343657186, 0.0001383662972778177, 5.843942903305228e-05, 3.4742892427450386e-05, 1.4056421146139652e-05, 0.00016028234582514032, 7.608356436242288e-05, 6.675512830250186e-05, 8.30099682944488e-05, 3.417281894132306e-05, 8.830887338219897e-05, 5.027076075180684e-05, 0.00013203947493763328, 3.387574307462098e-05, 0.00010446636823113405, -6.702119175857375e-05, 0.0001371642729383397, -1.6180337960918414e-05, 9.161050323353477e-05, 6.11509376351834e-05, 7.423885228069889e-05, -9.48060790472154e-06, 8.696436844697591e-05, -2.051539534044162e-05, 0.00016999984947361504, 0.00014996399322196027, 8.109082308212983e-06, 0.00013618810705886652, 9.873415939841697e-05, 6.573510229314781e-05, 2.5384883570050983e-05, 6.324475938805476e-05, 4.234444268531392e-05, 5.6694884915111765e-05, 5.4021421289793175e-05, 8.127570886881559e-05], [-8.795365619875077e-06, 4.897997557196084e-06, 9.664266928520607e-05, 2.3655356980605117e-05, 0.00010345562757674695, 0.00014289351927675254, 0.00012777284908130866, 0.00011040619234927033, 6.367694070290742e-06, 0.0009705415644875673, -6.433871524374533e-06, -4.235766639886977e-06, 5.0079899969939066e-05, 1.2910855589829535e-05, 0.00018871014211165835, 2.0637848204764003e-05, 8.562257574902502e-05, 1.2689209251103558e-05, 1.5438338414858877e-05, 6.121790125070909e-05, 4.438646066613673e-05, 5.783480841753066e-05, 5.223121997577945e-05, 6.350318077209386e-05, 4.555970107957252e-05, 0.00012523596917051976, 6.042028092453501e-05, 2.428059367558436e-05, 0.00011064276127263417, 3.198942076597992e-05, 8.657482666139414e-05, 0.00013122693652464342, 9.15816634493293e-05, 4.4363795396369085e-05, 4.009236069641073e-05, 3.0191929378049196e-05, 2.312257502485084e-05, 0.00010492213935929698, 1.511791024102113e-05, 1.0573012749313209e-05, 3.262781910476233e-05, -1.2030899816893032e-05, 9.715526150694755e-05, 8.905360790799314e-05, 5.2412901855259396e-05, 4.9501226294290346e-05, 4.404762579197173e-05, 4.3765781122643156e-05, -4.445966040407782e-06, 4.216054199588651e-06, 0.00018181335728219026, -2.7944727222282117e-05, 7.799004793124729e-05, 0.00010984785056533575, 9.920421102870016e-05, 0.00010238881213817379, 0.00010041057501320794, 4.6749152353902696e-05, 0.00011566604086943289, 6.031966168226267e-05, 5.7551820777318675e-05, 5.396246786747508e-05, 1.938671037331782e-06, 0.0001624173644292308, 7.195975874167349e-05, 9.73194604991707e-05, 3.609604712969467e-05, 4.5735482067391724e-05, 1.399174576115749e-05, 8.858979454879629e-05, 5.265461804440762e-05, -9.190355338617e-06, 4.1234557135287576e-05, 5.4608342066168904e-05, 5.4584249359613495e-05, 9.136031525811282e-05, 4.5154992023749234e-05, 7.261770396001434e-05, 0.00014310018888874992, 4.546353079186191e-05, -9.911152521579146e-06, 5.7958701350439005e-05, 4.791558043243878e-05, 0.00013928332795993888, 6.724714343333642e-05, 9.953380570980098e-05, 0.000162433009650175, 4.2602794768943084e-05, 1.3180350847533842e-05, 6.37059791961825e-05, 2.9708410648166195e-05, 0.00010188655128750468, 7.571139657133615e-05, 0.00013405077891443987, -2.9129302563427897e-06, 6.65966038699897e-05, -5.8638490418573295e-05, 7.708409725851978e-05, 3.391523480103884e-05, 3.556573971335154e-05], [0.00011521243994373591, 0.0001151855621132925, 0.00011157684124695242, 8.860257247858959e-05, 0.00011527524106487609, 0.000126766294250465, 5.1149836901952125e-05, 0.00010213597403229561, 0.00010208380196506802, -6.433871524374533e-06, 0.0010942601693128017, 0.00014370380012938827, 3.951904629376406e-05, 3.2669351868823705e-05, 4.1061639603746484e-05, 0.00011892174358733954, 6.951882055291759e-05, 0.0001689554635070672, -6.508650613815644e-05, -1.2254609329813082e-05, 3.987158250141741e-05, 3.073783947860118e-05, 9.270218587297181e-05, 0.00010433713197246151, 0.00010388423736719098, 9.584312385357751e-05, 1.4831265718799898e-05, 6.959231023581717e-05, 6.685696024309851e-05, 7.056142755194786e-05, 1.610817714757395e-05, 4.335436469053012e-05, 9.742871230264002e-05, 6.180048816263572e-05, 5.482653594209132e-06, 2.37910881844256e-05, 0.0001675857726256536, 9.203628625140323e-06, 2.188595101838851e-06, 3.561210643922647e-05, 3.387623738463366e-05, 8.184918201749046e-05, 0.00010715870614329357, 5.4333373945079955e-05, 2.9982336316607076e-05, 0.00011988556936810158, 0.0001198834994317383, 3.288919806763461e-05, 0.0001305095223234465, 8.492416162118193e-05, 0.00011775545268355285, 0.00018354953946511272, 0.0001434940851513795, 3.630840756508317e-05, 5.261911422699492e-05, 0.00016382921916969074, 0.00016290999305589214, 9.902861200282036e-05, 0.00011619776620204986, 6.77713576267088e-05, 7.882292451818416e-05, 9.87830497699889e-05, 0.00014914793660423476, 6.742711945390086e-05, 6.37302357014556e-05, 8.509481649733664e-05, 5.9135272220135575e-05, 0.00010728360815535623, 0.00012933015894156063, 0.00012026677402403028, 9.135512151811647e-05, 7.840132944443318e-05, 1.5033683717661487e-05, 6.585929177414867e-05, 0.00022130630091974734, 0.00011391825599363267, 8.014660836339224e-05, 8.852686153654522e-05, 0.0001776871487729406, 6.878623117884157e-05, 0.00010323821972924239, 0.00016063088483582574, -3.564347999350574e-05, 5.564347936985112e-05, 8.973910368952337e-06, 2.417768578573909e-05, 4.425373551397359e-06, 4.782796531581259e-05, -6.694859554030129e-05, 0.00011967464224113523, 7.676886095592273e-05, -5.07272900654479e-06, 0.00016336745646428123, 2.8953406108353514e-05, 5.894867232740202e-05, 7.61234034477277e-05, 0.00011693651556371786, 8.219190621351456e-05, 0.00015116654969251337, 7.80183260985161e-05], [0.00014537461806128705, 4.081620976077572e-05, 0.00018037743329620904, 4.418901767722413e-05, 0.00010310526904196267, 1.650283207852576e-05, 0.00012619118841596298, 8.827642818375696e-05, 0.00010168801097999229, -4.235766639886977e-06, 0.00014370380012938827, 0.0011791039951286656, 8.777423405852502e-05, 0.00010314575966431774, 7.251227840042824e-05, 0.0001431693705569587, 0.00011826570748639935, 0.00011302660576342846, -6.2249755073651575e-06, 0.00011698765747587444, -3.904160481317837e-05, 0.00011800171030359125, 5.112118811949508e-05, 0.00013040458651058243, 0.00010095441235671824, 9.773322011402077e-05, 8.163899472951792e-05, 3.1730391338729186e-06, 3.442126288707402e-05, 8.838306333760771e-05, 3.4576007826261294e-07, 5.699015729528815e-05, 0.00018580746496877807, -9.750369223568603e-06, 9.488684780746896e-05, 0.00010161303919372653, 4.101204192857069e-05, 4.371838948003149e-05, 4.875558403248424e-05, 0.0001001793351177196, 0.00011863682888821851, 2.7447514073642355e-05, 0.00011301155586199148, 0.00016370189259192107, 2.039352821125595e-05, 5.749092868584823e-05, 7.186268502074768e-05, 4.030826666309343e-05, 7.168718373433777e-05, 4.1328874429269696e-05, 6.604702016597474e-05, 6.150795320802922e-05, -6.242634087579804e-06, 0.00017299508275204166, 2.79957360289361e-05, 0.000228818440620695, 2.6169539535823492e-05, 0.00013217818201330267, 2.6632669375825502e-05, 0.00014536012158416573, 2.6646839584646196e-05, 0.00011819344768866023, 9.874685224006009e-05, 6.924204074144526e-05, 0.0001090939001578884, 0.00011117078630730286, 0.0001575850659316451, 0.000171375238796846, 9.149529215843154e-05, 0.00012258023844189845, 8.940202808603111e-05, 0.00016527381194476675, 7.177619949738898e-05, 5.449743717826437e-05, 0.00018561143884651362, 5.485786931578713e-05, 6.299155520071373e-05, 3.7075642230445115e-05, 6.708403322936578e-05, 4.6366647554677634e-05, 0.00015073545239219016, -7.573006144959878e-05, 8.75351565417993e-05, 0.00011731366712963885, 4.5057777068335363e-05, 4.3233695758692416e-06, 2.3957547757832417e-05, 0.00010573488928558358, 7.149378202878492e-05, 0.00020322943209987742, 0.00010764663024280723, 4.1731484051637474e-05, 5.172401140929181e-05, 0.00010616739163973957, 6.579782128747633e-05, 0.000196803591074492, 0.0001464338149611805, 0.0001182388822017978, 5.305921337895767e-05, 6.943303791867887e-05], [0.00016371912059653379, 7.254025633546703e-05, 7.775223837564905e-05, 0.00010690338681955196, 0.00010684817667738165, 5.062751732223694e-05, 3.9813716089361215e-05, 2.6411406081387322e-05, 3.0499426085725676e-05, 5.0079899969939066e-05, 3.951904629376406e-05, 8.777423405852502e-05, 0.0009715339739177578, 0.00014103966389540426, -7.761090129537964e-06, 6.841244203712958e-05, 3.0670379668679494e-05, 7.387043118833506e-05, -5.740972337614186e-07, 9.122125581960554e-05, 4.027507874132396e-06, 0.00011562062500406769, 9.818767029550174e-06, 0.00011890776337142428, 9.904952849990113e-05, 5.1811448922507894e-05, 6.933046841668671e-05, 0.00010923593821139419, 4.362351769205498e-05, -2.035045605738952e-05, 5.577469350309393e-05, 3.276712760488258e-05, 8.622105440217253e-05, 0.00012822616062921422, 3.141577513952435e-06, 0.00010899050529683706, 0.00020802169358781218, -4.110532687192475e-05, 0.0001258789243159011, 3.6588855679766215e-05, 5.993072290293712e-05, 1.9153412620992988e-05, 4.354661345778621e-05, 3.7943597040088455e-05, -3.901249075740291e-05, 4.338002897137994e-05, 9.037563900425346e-07, 6.604812995030234e-05, 6.659292212746121e-05, -5.481130515397444e-06, 1.4432558181546699e-05, 3.783863311058891e-05, 5.1001474972290294e-05, 5.082177039868884e-05, 2.0766156586235864e-05, 6.588729667324677e-05, 9.43177934129811e-06, 8.878091605792862e-05, 2.8493614949840527e-05, 7.314868866962862e-05, 3.2269673236865825e-05, 3.111993917900046e-05, 0.00012565885630066225, -2.8834795560356513e-05, 6.30584956825125e-05, 0.00011942897007172547, 0.00012337934661413213, 1.8873661382696274e-05, 3.903607751370772e-05, -4.2117295357742804e-05, 4.400532947588508e-05, 0.00010349261387198137, 0.00010704381282588829, 1.8994159774424405e-05, 0.00012421518779593796, 2.5278472887096337e-05, 0.00014970973470990136, 0.00013824047128622527, 6.255658087394575e-05, -8.066212661698092e-06, 3.956330238411699e-05, 2.9364019530890335e-05, 5.056132511030179e-05, 9.986342902016893e-05, 5.73847570159862e-05, -1.3399278887013957e-05, 3.6018961531324905e-05, 5.063066384460931e-05, 6.901542584367895e-05, -7.885704525549471e-08, 2.0297241369125125e-05, 8.145553821590952e-05, 7.395702182306536e-05, 5.502966817929183e-05, -2.1652432577037154e-05, 0.00014225626983418015, 5.576779974791884e-05, 0.00014215552065775864, 5.5367508446518165e-06, 7.200063255019568e-05], [8.361569603840008e-05, 4.758223755291456e-05, 0.00013906587109335504, 0.00013601789382011324, -6.41492456631373e-05, 9.586113956061275e-06, -2.2099176240911045e-05, 6.791758239497636e-06, 4.697500406204104e-05, 1.2910855589829535e-05, 3.2669351868823705e-05, 0.00010314575966431774, 0.00014103966389540426, 0.0010451583187547275, -1.286341653889465e-05, -5.445049529588819e-06, -5.5330803585200146e-05, 0.00017518767846293976, -2.1435565314535324e-05, 9.751173724317532e-05, 3.24239021788384e-05, -1.715138093321124e-05, 9.281998285461561e-05, 7.797866847570072e-05, 0.00015807645768494446, 1.01862074309646e-05, 0.0001079929984429009, 7.095580866568779e-05, 0.0001041811260222101, 6.486285230860592e-05, 4.2344155190491066e-05, 0.00011287921687537057, 4.031122334749602e-05, 2.558185106504301e-05, 3.3556700508001767e-06, 8.520467681949565e-05, 0.00010330318212128741, 2.88889931493753e-05, 0.00010546455098234243, 0.00016248927044028273, 8.229205549941953e-05, 5.228739574514522e-05, -3.061862985723291e-05, -2.911778007114919e-05, 5.314324583971251e-06, -3.8120316235888896e-05, 1.998129925465091e-05, 8.334281622021033e-05, 5.510905282616099e-05, 8.698993680854128e-05, 3.417700835155873e-05, 1.958566490276583e-05, 5.868178327662896e-05, 6.832081319824516e-05, -1.094527909802171e-05, 0.00011319409622482326, 0.00010997458359876044, 7.149911108363682e-05, 1.5750301276472103e-05, 5.30345094394198e-05, 6.356321326897892e-05, 5.709621250645422e-06, 0.00017115806899232393, 3.526414967234354e-05, 4.419047501077237e-05, 0.00015356118630852034, 0.00010886144047193983, 8.570275632054447e-05, 6.406068452740047e-05, 4.652831355521131e-05, 6.516558190094565e-05, 0.00014303553206700036, 3.146334951906564e-05, 0.0001102301737147073, 0.00011235187582045968, -6.112165679248585e-06, -5.637929859590071e-05, 8.739659926686327e-05, 3.294446562967289e-05, 1.4804959011110764e-05, 6.962336733524091e-05, 3.9935007322329324e-05, 3.9597648200543825e-05, 0.00010953632727849122, 0.00012247516992481923, 6.657350550634433e-06, 0.00012435057278748965, -2.6618681447241742e-05, 0.00013646545312711458, 8.399583938606852e-05, 2.5176748941535096e-05, 5.015560311920724e-05, -2.6819741829120818e-05, 7.124778730348382e-05, 0.00013474649122733787, 8.819698537988773e-05, -2.1734235969464192e-05, 6.498609569643757e-05, 7.58731943238884e-05, 7.41542519319112e-05], [0.00011798944915812902, -6.697870475419764e-05, 8.459813218497024e-05, -6.887551723048604e-05, 0.00010686307971371065, 0.00013681696084255623, 4.183807176795716e-05, 0.00014278873421308307, 4.8837134519665406e-05, 0.00018871014211165835, 4.1061639603746484e-05, 7.251227840042824e-05, -7.761090129537964e-06, -1.286341653889465e-05, 0.0010222671935304418, 0.0001322282564726707, 2.0805619830288886e-05, 6.75618031665273e-05, 0.00010865473867089266, 4.35424978059423e-06, 8.29581134902883e-05, 1.8713478199272808e-05, -1.4989758320978892e-05, 7.157903926282535e-06, 2.0298826064475163e-05, 0.00010171161942744299, 0.00012781277247180073, 2.3766561436870257e-05, 9.359854110573857e-05, 6.721833872785867e-05, 0.0001315434908404153, -5.4191071888132576e-05, 4.2979130246429876e-05, 1.6914485604037214e-05, 8.09069903530154e-05, -4.540994947619852e-05, 4.789342472370822e-05, 8.264897500650399e-05, 6.227804122099632e-05, 1.8041648771545854e-05, 0.00010677357570932863, 0.00010582541106669244, 0.00018118515241189104, 8.176676856505317e-05, 0.00010047875985361605, 0.00010335653494583376, 0.00015862444335845165, 9.162844460552748e-05, 3.6998972364458944e-05, 2.2735223106814536e-05, 0.0001965395367478786, -1.4610932286742994e-05, 1.7319734797401413e-05, 5.791250018764551e-06, 8.277072901928425e-05, 7.261191028293283e-05, 5.7843813880951994e-05, 8.964595905980969e-05, 0.00011478633665752907, 9.288602683113023e-05, -1.0856114902035561e-05, -3.6865256433031067e-05, 2.4400827879890845e-05, 7.190956635844092e-05, 0.0001052028264252756, 2.5951279012894697e-05, 7.357226089648986e-05, -2.685686392932078e-05, 5.3077013408652044e-05, 3.812064958826219e-05, 0.00016648123068425114, 3.851356250344839e-05, 8.993688153236102e-05, 8.425233195263565e-05, 7.87388407814455e-05, 0.00013172551951575376, 6.708209555743193e-05, 7.851314846817796e-05, 6.37113717486896e-05, 5.358044764517058e-05, 1.1761616794963912e-05, 9.047482354589452e-06, 7.331432585655865e-05, 9.997242938890004e-05, 5.816785710537001e-05, 5.2400043774469916e-05, 3.187769197992628e-05, 7.628353409669305e-05, 0.00015605365007090045, -5.480366397886588e-06, 2.301107299305866e-05, 8.170831356738865e-05, 1.7051670373340504e-05, 3.533920537345967e-05, -4.971137853803071e-05, 0.00013599944657976092, 9.000577553018517e-05, 0.00016617656442403987, 8.708159334999415e-05, -3.2456780713944836e-05], [0.00012373366491309098, 2.1048851080312283e-05, 5.305298601277953e-05, 6.978180908672676e-05, 5.344825785304642e-05, 0.0001747333829094792, 0.00010213245805509006, 0.000125592379360456, 3.348874696735833e-07, 2.0637848204764003e-05, 0.00011892174358733954, 0.0001431693705569587, 6.841244203712958e-05, -5.445049529588819e-06, 0.0001322282564726707, 0.0009144720072885317, 0.00010736592202023395, 7.052466464795255e-05, 4.870621369587955e-05, 9.430162687018634e-05, 5.4368213600279423e-05, 0.00019738859689100247, 5.860828018676792e-05, 4.63491640695443e-05, 6.74717484982822e-05, 5.4879140329522024e-05, 7.39849891463599e-05, 6.468621855311821e-05, 0.00011293033070913803, 1.963203363595828e-05, 0.0001017570188117549, 2.817201802014622e-05, 0.00011269597596489956, 6.535910373562044e-05, 6.123202854866953e-05, 6.865765923134722e-05, 0.00019259760829183078, 0.00011917763669833423, 4.0545566954454215e-05, -1.8726580392651386e-05, 0.00012360100340380945, 7.88445703834287e-05, 0.0001528027649705201, 0.00010554626467903865, 7.434332884199861e-05, 4.550729946528927e-05, 4.999911578772468e-05, 6.369180631480606e-05, 0.00015034616992716534, 7.49178710864353e-05, 9.249502359361747e-05, 0.00016322003187239424, 0.00012921767395999496, 1.591140625471768e-05, 8.347039834059816e-05, 7.986396110141623e-05, 5.794266737740461e-05, 4.0252311475129794e-05, 0.0001242414074649616, 7.988069178179853e-05, 5.227791427946699e-05, 4.2868402614602244e-05, 4.95816660032447e-05, 6.694650637097146e-05, 4.454237623556216e-05, 3.987953116153636e-05, 7.232523645314864e-05, 0.00016073650538366696, 0.00012351608958406868, 5.326094059253024e-06, 0.00013244816738441985, 3.788405728852856e-05, 0.00012945957080112382, 5.675259215842623e-05, 3.325311860794883e-05, 0.0001203286942348557, 0.000126197855317927, 2.6706864404144933e-05, 8.293544949179244e-05, 0.00011395374344838749, 0.00011165195752073476, 0.00010209218482709805, 6.253064164460671e-05, 9.655896112109244e-05, 4.171717510047448e-05, 4.9030472192806404e-05, 3.386604781333032e-05, 5.947027998016139e-05, 7.005917353435102e-05, 4.760423591876508e-05, 4.116310928505803e-05, 4.237716193183371e-05, 7.217215166681883e-05, 7.017797959652059e-05, 3.724769434800141e-05, 0.00011819366506958351, 6.0320890321781115e-05, 0.00012041825645135677, 2.5640490945194043e-05, 2.1417196106187823e-05], [8.32775487232552e-05, 0.00012754198937391732, -5.002412922449787e-07, 7.026728658581664e-05, 4.6630729010968324e-05, -1.3299092881976066e-06, 0.0001016226274081365, 0.00012418224584897057, 6.106508607920998e-05, 8.562257574902502e-05, 6.951882055291759e-05, 0.00011826570748639935, 3.0670379668679494e-05, -5.5330803585200146e-05, 2.0805619830288886e-05, 0.00010736592202023395, 0.0010639632145841768, 4.8488404014391556e-05, 0.00010478800059275982, 7.578015615434444e-05, 2.7142781458359023e-05, 7.701640418932537e-05, -2.1956692112861967e-05, 2.901053125987045e-05, 7.478295033574105e-06, 8.514418603977393e-05, 8.23732443047975e-05, 2.1191693646088807e-05, 0.0001554382145424219, 1.3477578600230555e-05, 5.2414287396107485e-05, 2.886425751232688e-05, 5.6439664755965205e-05, 5.442082711246691e-05, -7.892686076521548e-06, -3.327329244806813e-05, 5.8619609680167845e-05, 6.275915321496246e-05, -8.679579257580572e-05, 4.881898996490991e-05, -1.7633574500062027e-05, 3.8726660140422417e-05, 0.00010032593253754897, 0.00010803585395172822, 6.627616341677371e-05, 5.966126053440622e-05, 9.501899487500976e-05, 6.393205037276429e-05, 2.9332706454793898e-05, 8.907884240993867e-05, 0.00015054482483552983, 9.180927915656276e-05, 5.2384360262954226e-05, 0.00015574980037395353, 0.00010750380662142829, 0.00010355283069614554, 9.3398662231328e-05, 3.1349344226310366e-05, 6.851416860319274e-05, 0.00010600226873204547, -1.2866383466541456e-05, -5.3751475937580824e-05, 1.4551632008375662e-05, 7.982849713470482e-05, 0.0001705042428873151, 0.00015242851898757449, 7.019742297794354e-05, 0.00020681402076834266, 4.8493596690719375e-05, 0.00014835198737955823, 3.601149501821041e-05, 9.584827721393934e-05, -1.4392126201316752e-05, 2.5792837123061266e-05, -2.1028203659666652e-05, 2.378044115889453e-06, 2.501427189889399e-06, 1.1011178400356869e-05, 0.00016956208990500656, 8.967364332974484e-06, 7.340786782377993e-05, 6.802520944175237e-05, -3.180903485247671e-05, 8.228746617579376e-05, 0.00010819722796087775, 7.24560561992089e-05, 4.404949003420418e-05, 5.829287163904711e-05, 7.246349166441467e-05, 5.807658744594427e-05, 7.973532799858643e-05, 0.0001066486439403619, 6.334951024318842e-05, 2.938240777014308e-06, 1.3791591577268804e-05, -8.38870258627277e-06, 0.00012670751199552724, 0.00023901800695590161, 0.00010362824243026462, 5.7207195304229504e-05], [0.00019283697161682993, 0.00016874272388847644, 0.00011416791770540628, 0.00010015282495519633, 